vscode/rtklib/rtklib/data/igsg1900.19i
     1.0            IONOSPHERE MAPS     MIX                 IONEX VERSION / TYPE
cmpcmb v1.2          GRL/UWM             1-aug-19 04:13     PGM / RUN BY / DATE 
ionex file containing IGS COMBINED Ionosphere maps          COMMENT             
global ionosphere maps for day 190, 2019                    DESCRIPTION         
IONEX file containing the COMBINED IGS TEC MAPS and DCBs    DESCRIPTION         
      IONEX files of the following IAACs were combined: cod DESCRIPTION         
                                                        jpl DESCRIPTION         
Contact address: Andrzej Krankowski                         DESCRIPTION
                 Geodynamics Research Laboratory            DESCRIPTION
                 University of Warmia and Mazury (GRL/UWM)  DESCRIPTION
                 Oczapowski St. 1                           DESCRIPTION
                 10-957-Olsztyn, POLAND                     DESCRIPTION
                 e-mail:  kand@uwm.edu.pl                   DESCRIPTION
                                                            DESCRIPTION         
  2019     7     9     0     0     0                        EPOCH OF FIRST MAP  
  2019     7    10     0     0     0                        EPOCH OF LAST MAP   
  7200                                                      INTERVAL            
    13                                                      # OF MAPS IN FILE   
  COSZ                                                      MAPPING FUNCTION    
     0.0                                                    ELEVATION CUTOFF    
combined TEC calculated as weighted mean of input TEC valuesOBSERVABLES USED    
   330                                                      # OF STATIONS       
    32                                                      # OF SATELLITES     
  6371.0                                                    BASE RADIUS         
     2                                                      MAP DIMENSION       
   450.0 450.0   0.0                                        HGT1 / HGT2 / DHGT  
    87.5 -87.5  -2.5                                        LAT1 / LAT2 / DLAT  
  -180.0 180.0   5.0                                        LON1 / LON2 / DLON  
    -1                                                      EXPONENT            
TEC values in 0.1 tec units;  9999, if no value available   COMMENT             
DCB values in nanoseconds, reference is Sum_of_SatDCBs = 0  COMMENT             
                                                            END OF HEADER       
     1                                                      START OF TEC MAP    
  2019     7     9     0     0     0                        EPOCH OF CURRENT MAP
    87.5-180.0 180.0   5.0 450.0                            LAT/LON1/LON2/DLON/H
   84   83   83   83   83   83   83   82   82   82   81   81   80   79   79   78
   77   76   76   75   74   73   73   72   71   71   70   70   70   69   69   69
   69   70   70   70   70   71   71   72   72   73   73   74   74   75   75   76
   76   77   77   78   78   79   79   80   80   81   81   82   82   82   83   83
   83   83   83   84   84   84   84   84   84
    85.0-180.0 180.0   5.0 450.0                            LAT/LON1/LON2/DLON/H
   90   90   90   89   89   89   89   89   88   87   86   85   84   83   81   80
   78   77   76   74   73   71   69   68   67   66   65   64   64   63   63   64
   64   64   65   65   66   67   68   69   70   71   73   74   75   76   77   78
   79   80   80   81   82   83   83   84   84   84   85   85   86   86   87   87
   87   87   88   89   89   89   89   90   90
    82.5-180.0 180.0   5.0 450.0                            LAT/LON1/LON2/DLON/H
   93   94   94   94   94   94   94   94   93   92   91   90   89   87   85   83
   81   79   77   75   73   70   68   66   64   63   62   60   60   59   59   59
   59   60   61   62   64   65   67   69   71   73   75   76   78   79   80   81
   82   83   84   84   85   86   86   86   87   87   87   88   88   88   89   89
   89   90   90   91   91   92   92   92   93
    80.0-180.0 180.0   5.0 450.0                            LAT/LON1/LON2/DLON/H
   94   94   95   96   96   96   97   96   96   96   95   94   93   92   90   88
   85   83   80   78   75   72   69   67   64   62   61   59   57   56   56   56
   56   57   59   61   63   65   67   70   72   75   78   80   81   83   85   86
   86   87   88   88   88   88   88   88   88   87   87   87   87   87   87   88
   88   88   89   89   90   91   92   93   94
    77.5-180.0 180.0   5.0 450.0                            LAT/LON1/LON2/DLON/H
   91   92   93   94   95   97   97   97   97   97   97   97   96   94   93   91
   89   86   84   81   79   75   72   70   67   64   62   60   58   57   56   56
   56   57   58   60   61   64   67   70   73   76   79   82   84   85   87   88
   88   89   89   89   88   88   88   87   86   85   85   84   84   84   84   83
   83   84   84   85   87   88   89   90   91
    75.0-180.0 180.0   5.0 450.0                            LAT/LON1/LON2/DLON/H
   88   89   90   92   93   94   94   95   96   96   96   96   96   95   95   93
   92   91   88   86   83   81   77   75   72   69   65   63   61   60   58   57
   57   57   57   58   60   63   65   68   71   74   77   80   82   84   85   87
   87   87   87   87   86   86   85   84   83   82   81   80   79   79   78   78
   78   78   79   80   81   83   84   86   88
    72.5-180.0 180.0   5.0 450.0                            LAT/LON1/LON2/DLON/H
   84   86   87   88   90   90   91   92   93   93   94   94   95   95   95   94
   94   93   92   91   88   86   83   80   77   74   70   67   65   62   61   59
   58   57   56   57   58   60   62   64   67   70   72   74   76   78   79   80
   81   82   82   82   81   81   80   79   79   77   76   76   74   74   73   72
   73   73   74   75   77   78   80   82   84
    70.0-180.0 180.0   5.0 450.0                            LAT/LON1/LON2/DLON/H
   82   84   85   86   87   87   88   88   89   90   90   90   91   92   93   94
   95   95   95   94   93   91   88   85   81   78   74   71   67   64   62   60
   58   56   55   55   55   56   57   58   60   62   63   65   67   68   70   72
   73   74   75   76   76   76   75   75   74   73   72   71   71   70   69   69
   69   69   71   71   74   76   79   80   82
    67.5-180.0 180.0   5.0 450.0                            LAT/LON1/LON2/DLON/H
   83   85   86   86   86   86   85   85   85   85   86   87   88   89   90   91
   94   95   96   96   95   93   91   87   84   80   76   72   69   66   62   59
   57   55   53   52   51   51   51   52   53   54   54   55   56   57   59   62
   64   66   68   70   71   72   71   71   71   70   70   70   69   68   68   67
   68   68   69   71   74   77   79   82   83
    65.0-180.0 180.0   5.0 450.0                            LAT/LON1/LON2/DLON/H
   87   88   88   88   87   87   86   85   84   84   84   84   85   86   87   89
   92   94   95   96   96   94   91   88   84   80   76   72   68   65   62   59
   56   53   50   48   47   45   46   45   46   46   46   46   47   49   50   53
   56   59   63   66   67   69   69   69   69   69   70   70   70   70   69   69
   69   70   71   73   76   79   82   85   87
    62.5-180.0 180.0   5.0 450.0                            LAT/LON1/LON2/DLON/H
   92   94   94   92   91   90   89   87   86   84   83   83   83   84   85   88
   90   92   94   94   93   92   89   86   82   78   75   71   68   64   61   57
   54   51   48   45   43   42   41   41   42   42   42   41   42   43   45   48
   52   56   60   63   66   68   69   69   69   70   71   71   72   73   72   73
   73   73   75   78   81   85   88   90   92
    60.0-180.0 180.0   5.0 450.0                            LAT/LON1/LON2/DLON/H
   99   99  100   99   98   95   93   91   89   87   85   84   83   84   85   87
   89   90   91   91   90   88   85   83   80   77   74   71   67   64   60   57
   53   49   46   43   41   40   40   41   41   41   41   41   41   42   44   47
   51   55   60   64   67   68   69   69   70   71   73   75   76   76   77   77
   77   78   80   83   87   90   93   97   99
    57.5-180.0 180.0   5.0 450.0                            LAT/LON1/LON2/DLON/H
  104  106  106  106  105  103  100   97   94   91   89   87   86   86   87   87
   89   89   89   89   87   85   83   81   79   77   75   72   69   65   61   57
   53   49   45   43   41   42   42   44   45   46   46   46   46   46   47   50
   53   58   62   67   69   71   70   71   72   74   76   78   80   81   81   81
   81   82   84   88   92   95   99  102  104
    55.0-180.0 180.0   5.0 450.0                            LAT/LON1/LON2/DLON/H
  108  110  112  112  112  110  107  104  100   96   93   91   90   90   90   90
   89   89   88   87   85   84   82   81   80   80   78   76   72   68   64   59
   54   50   47   45   44   45   47   50   52   54   55   54   54   53   53   55
   57   61   65   69   72   73   73   73   74   76   78   81   83   84   84   84
   84   85   88   91   95   99  102  105  108
    52.5-180.0 180.0   5.0 450.0                            LAT/LON1/LON2/DLON/H
  110  113  116  118  118  117  114  111  107  103   99   97   95   94   93   93
   91   90   88   86   85   84   84   84   85   85   85   82   78   72   67   62
   57   53   50   47   48   50   54   58   62   64   64   64   63   61   60   60
   61   65   68   72   75   76   76   76   77   79   81   84   86   86   87   86
   86   87   90   93   98  101  104  107  110
    50.0-180.0 180.0   5.0 450.0                            LAT/LON1/LON2/DLON/H
  111  115  119  122  124  124  121  117  113  108  105  102  100   98   97   95
   94   92   90   87   86   86   88   90   92   93   92   89   84   78   71   66
   60   56   52   51   53   57   61   67   70   73   73   72   71   68   66   65
   65   68   72   75   78   79   80   80   81   82   85   87   88   89   88   87
   88   89   92   95   99  102  105  108  111
    47.5-180.0 180.0   5.0 450.0                            LAT/LON1/LON2/DLON/H
  110  114  119  124  127  128  127  123  119  114  111  108  105  103  101   98
   96   94   92   90   90   91   92   96   99  101   99   96   90   83   75   69
   64   60   56   56   57   62   68   73   77   79   79   78   76   73   70   68
   68   70   73   78   81   82   84   85   85   87   88   90   91   91   90   90
   90   92   94   98  101  104  105  107  110
    45.0-180.0 180.0   5.0 450.0                            LAT/LON1/LON2/DLON/H
  109  113  118  124  128  131  130  127  124  120  117  113  110  108  105  102
  100   97   95   94   94   95   98  102  105  107  106  101   95   86   78   72
   67   63   60   59   62   66   72   77   81   82   82   82   79   77   73   70
   69   71   75   79   83   86   88   89   90   91   93   94   94   94   94   94
   94   95   98  102  104  107  107  108  109
    42.5-180.0 180.0   5.0 450.0                            LAT/LON1/LON2/DLON/H
  110  113  117  123  128  131  132  130  128  125  122  119  116  112  109  106
  103  102  100   99   99  100  103  107  111  112  110  104   96   88   80   75
   70   66   63   62   64   68   74   79   82   83   83   83   81   78   74   71
   70   71   75   80   85   89   92   93   95   96   97   98   98   99   99   99
   99  102  105  108  111  112  111  111  110
    40.0-180.0 180.0   5.0 450.0                            LAT/LON1/LON2/DLON/H
  114  115  118  122  127  130  132  132  130  130  128  126  122  118  113  110
  108  107  105  104  103  104  107  111  114  115  111  106   98   89   82   76
   73   69   66   64   65   69   74   78   81   82   83   83   82   79   76   73
   71   72   75   81   86   91   95   97   99  100  102  103  104  104  105  106
  107  109  113  117  120  120  119  116  114
    37.5-180.0 180.0   5.0 450.0                            LAT/LON1/LON2/DLON/H
  122  120  120  123  126  128  131  132  132  133  133  132  128  124  119  116
  114  112  111  109  108  108  110  113  116  116  113  106   98   89   82   77
   74   71   68   66   66   69   74   78   80   82   83   84   83   82   78   74
   72   71   74   80   86   92   96   99  102  104  105  107  109  111  113  115
  117  119  123  127  130  131  128  125  122
    35.0-180.0 180.0   5.0 450.0                            LAT/LON1/LON2/DLON/H
  132  128  126  125  126  128  129  131  134  137  139  138  135  131  127  124
  121  120  117  114  112  111  113  115  118  117  114  107   98   89   82   78
   75   73   70   67   67   70   74   78   81   82   84   85   85   83   79   74
   71   70   72   78   84   90   95  100  103  106  108  111  115  118  121  124
  126  128  132  138  142  143  140  137  132
    32.5-180.0 180.0   5.0 450.0                            LAT/LON1/LON2/DLON/H
  145  140  135  131  129  128  129  132  137  140  144  144  143  141  137  134
  131  128  124  120  116  114  115  118  120  119  115  108   98   90   82   79
   76   74   72   69   69   71   75   79   81   84   85   86   86   84   79   74
   70   68   70   74   80   86   93   98  102  106  111  115  120  125  130  132
  135  137  142  147  153  154  153  149  145
    30.0-180.0 180.0   5.0 450.0                            LAT/LON1/LON2/DLON/H
  159  154  146  139  134  132  132  135  141  146  150  152  152  151  149  146
  143  139  132  126  120  117  118  121  124  123  117  109   99   89   82   78
   76   75   73   71   72   74   78   81   83   84   85   86   85   82   77   72
   68   65   65   69   74   81   88   94  100  106  112  118  126  132  137  141
  142  145  150  156  162  165  164  162  159
    27.5-180.0 180.0   5.0 450.0                            LAT/LON1/LON2/DLON/H
  172  167  159  149  142  138  139  142  148  153  157  160  162  163  162  160
  156  150  142  133  125  121  123  126  129  127  120  110   99   89   81   77
   75   75   74   74   74   77   80   82   83   83   84   83   82   78   73   67
   62   60   60   62   68   75   82   90   98  106  113  121  130  138  144  146
  149  152  157  163  170  173  174  173  172
    25.0-180.0 180.0   5.0 450.0                            LAT/LON1/LON2/DLON/H
  181  179  171  160  152  148  148  152  157  162  166  170  174  178  179  177
  172  164  153  141  132  127  129  133  134  131  122  111   99   87   80   75
   74   73   74   75   77   79   81   82   81   80   79   77   74   70   65   59
   56   53   53   55   60   68   76   86   96  105  114  123  133  142  147  151
  153  157  163  170  176  179  180  181  181
    22.5-180.0 180.0   5.0 450.0                            LAT/LON1/LON2/DLON/H
  188  188  181  172  163  160  160  164  169  173  177  182  189  194  197  196
  190  179  165  151  140  135  137  140  140  134  123  109   96   85   77   73
   70   71   73   75   78   80   81   79   76   73   69   66   62   58   53   50
   47   46   46   47   52   61   71   82   94  104  114  124  134  143  149  153
  156  161  168  175  181  183  184  186  188
    20.0-180.0 180.0   5.0 450.0                            LAT/LON1/LON2/DLON/H
  192  193  190  183  175  171  174  178  182  185  188  195  203  211  216  215
  208  196  179  161  149  145  146  148  145  135  121  106   92   81   74   69
   67   67   71   74   77   79   78   74   68   63   58   53   49   45   42   39
   39   39   39   41   46   55   67   80   92  104  114  124  133  141  148  153
  159  166  174  181  186  186  185  187  192
    17.5-180.0 180.0   5.0 450.0                            LAT/LON1/LON2/DLON/H
  193  197  196  191  185  183  186  190  194  196  200  207  216  226  233  233
  226  212  192  173  159  154  155  154  147  133  116   99   86   76   70   65
   63   64   67   71   74   74   72   66   58   52   45   40   36   33   31   30
   31   32   33   36   41   51   64   78   92  104  114  121  130  138  145  152
  161  170  181  188  191  188  185  187  193
    15.0-180.0 180.0   5.0 450.0                            LAT/LON1/LON2/DLON/H
  192  198  200  196  192  191  195  200  204  205  209  215  227  238  247  248
  240  225  204  183  169  164  162  158  147  128  109   92   80   71   66   61
   59   60   63   66   68   68   66   58   50   41   34   29   26   24   23   24
   25   27   29   32   38   49   63   77   91  103  112  118  126  133  141  151
  163  175  188  196  196  191  185  186  192
    12.5-180.0 180.0   5.0 450.0                            LAT/LON1/LON2/DLON/H
  191  198  201  199  196  197  201  207  210  211  214  221  233  246  255  258
  250  235  213  191  176  169  166  158  143  122  101   84   74   67   61   57
   55   56   58   61   62   62   59   52   42   34   27   22   20   18   18   20
   21   24   26   29   36   48   62   77   91  102  110  115  121  129  138  150
  164  180  196  204  202  194  186  185  191
    10.0-180.0 180.0   5.0 450.0                            LAT/LON1/LON2/DLON/H
  191  197  200  200  198  199  203  209  211  213  216  223  234  247  257  260
  255  239  217  195  179  171  165  154  136  114   92   77   69   63   59   55
   52   53   54   56   57   57   55   48   39   31   25   20   18   17   17   18
   21   23   25   29   35   46   61   77   91  102  108  112  118  126  137  149
  167  185  202  211  209  198  188  186  191
     7.5-180.0 180.0   5.0 450.0                            LAT/LON1/LON2/DLON/H
  192  196  199  198  196  197  202  207  209  210  214  220  231  243  253  257
  252  239  217  194  177  168  159  146  127  105   85   72   65   61   56   53
   50   50   50   51   52   53   52   47   40   33   26   22   20   19   19   20
   22   24   25   29   35   46   61   76   90  100  106  110  116  125  137  151
  169  189  208  218  216  204  192  189  192
     5.0-180.0 180.0   5.0 450.0                            LAT/LON1/LON2/DLON/H
  193  196  197  196  194  195  198  201  204  205  209  215  224  235  244  249
  246  232  211  189  171  159  149  135  116   96   79   69   63   59   55   51
   48   48   47   48   49   51   52   49   43   36   31   27   24   23   22   23
   24   25   27   29   36   46   60   75   89   98  103  108  116  126  139  154
  172  192  211  222  221  209  197  192  193
     2.5-180.0 180.0   5.0 450.0                            LAT/LON1/LON2/DLON/H
  194  196  196  194  192  191  193  195  197  199  203  209  216  225  233  238
  235  222  201  179  160  147  136  122  105   87   74   66   62   58   54   50
   47   46   46   46   47   49   52   51   47   41   36   32   29   27   26   26
   26   28   29   31   36   45   58   73   87   95  101  107  116  129  143  157
  173  193  211  223  223  213  201  195  194
