vscode/rtklib/rtklib/data/igsg1900.19i
     1.0            IONOSPHERE MAPS     MIX                 IONEX VERSION / TYPE
cmpcmb v1.2          GRL/UWM             1-aug-19 04:13     PGM / RUN BY / DATE 
ionex file containing IGS COMBINED Ionosphere maps          COMMENT             
global ionosphere maps for day 190, 2019                    DESCRIPTION         
IONEX file containing the COMBINED IGS TEC MAPS and DCBs    DESCRIPTION         
      IONEX files of the following IAACs were combined: cod DESCRIPTION         
                                                        jpl DESCRIPTION         
Contact address: Andrzej Krankowski                         DESCRIPTION
                 Geodynamics Research Laboratory            DESCRIPTION
                 University of Warmia and Mazury (GRL/UWM)  DESCRIPTION
                 Oczapowski St. 1                           DESCRIPTION
                 10-957-Olsztyn, POLAND                     DESCRIPTION
                 e-mail:  kand@uwm.edu.pl                   DESCRIPTION
                                                            DESCRIPTION         
  2019     7     9     0     0     0                        EPOCH OF FIRST MAP  
  2019     7    10     0     0     0                        EPOCH OF LAST MAP   
  7200                                                      INTERVAL            
    13                                                      # OF MAPS IN FILE   
  COSZ                                                      MAPPING FUNCTION    
     0.0                                                    ELEVATION CUTOFF    
combined TEC calculated as weighted mean of input TEC valuesOBSERVABLES USED    
   330                                                      # OF STATIONS       
    32                                                      # OF SATELLITES     
  6371.0                                                    BASE RADIUS         
     2                                                      MAP DIMENSION       
   450.0 450.0   0.0                                        HGT1 / HGT2 / DHGT  
    87.5 -87.5  -2.5                                        LAT1 / LAT2 / DLAT  
  -180.0 180.0   5.0                                        LON1 / LON2 / DLON  
    -1                                                      EXPONENT            
TEC values in 0.1 tec units;  9999, if no value available   COMMENT             
DCB values in nanoseconds, reference is Sum_of_SatDCBs = 0  COMMENT             
                                                            END OF HEADER       
[from data line 3432]
     9                                                      START OF TEC MAP    
  2019     7     9    16     0     0                        EPOCH OF CURRENT MAP
    87.5-180.0 180.0   5.0 450.0                            LAT/LON1/LON2/DLON/H
   69   69   69   70   70   70   71   71   71   71   71   71   72   72   72   72
   71   71   71   71   71   71   71   70   70   70   70   69   69   68   68   68
   68   68   67   67   67   66   66   66   66   65   65   65   65   65   65   65
   65   65   65   65   65   65   65   65   65   65   65   66   66   66   66   67
   67   67   67   67   68   68   68   68   69
    85.0-180.0 180.0   5.0 450.0                            LAT/LON1/LON2/DLON/H
   70   71   71   72   73   73   74   74   74   75   75   76   76   76   76   76
   76   76   76   76   75   75   75   74   73   73   72   71   70   70   69   69
   68   67   67   66   66   65   65   64   64   63   63   63   63   63   63   63
   63   62   62   62   63   63   63   63   63   64   64   64   64   65   65   65
   66   66   66   67   67   68   68   69   70
    82.5-180.0 180.0   5.0 450.0                            LAT/LON1/LON2/DLON/H
   71   71   72   73   74   76   76   77   78   78   79   79   80   80   80   80
   80   80   80   80   79   79   79   78   77   76   74   74   72   72   70   69
   69   68   67   66   66   65   64   64   63   62   62   62   62   61   61   61
   61   61   61   61   61   62   62   62   62   62   62   63   63   63   64   64
   65   65   66   66   67   68   69   70   71
    80.0-180.0 180.0   5.0 450.0                            LAT/LON1/LON2/DLON/H
   71   72   73   74   76   77   78   79   80   81   81   82   82   82   83   84
   84   84   84   84   84   83   83   81   81   79   78   76   75   74   72   71
   70   69   68   67   66   65   65   64   63   63   62   61   61   61   61   61
   60   60   61   61   62   62   62   62   62   63   62   62   62   62   62   63
   63   63   64   65   65   66   68   69   71
    77.5-180.0 180.0   5.0 450.0                            LAT/LON1/LON2/DLON/H
   70   71   73   75   77   78   79   80   81   81   82   83   83   84   84   85
   86   87   87   88   87   87   87   85   84   82   81   78   77   75   74   73
   72   71   70   69   68   67   66   65   64   63   62   62   61   61   60   60
   61   61   61   62   62   62   62   62   62   62   62   62   61   61   61   60
   61   61   61   62   63   65   66   68   70
    75.0-180.0 180.0   5.0 450.0                            LAT/LON1/LON2/DLON/H
   67   70   72   75   76   77   78   79   81   81   82   83   83   84   85   86
   87   88   89   89   90   90   89   88   86   85   83   80   78   77   76   74
   73   73   72   71   70   69   68   67   66   65   64   63   62   61   61   61
   61   61   62   63   62   63   63   63   63   62   61   61   60   59   59   58
   58   58   59   59   60   62   63   65   67
    72.5-180.0 180.0   5.0 450.0                            LAT/LON1/LON2/DLON/H
   65   67   70   73   75   77   78   79   79   80   81   81   82   83   84   85
   86   87   89   90   91   91   91   90   89   87   84   82   80   78   77   76
   76   75   75   74   73   72   71   69   68   66   65   63   63   62   62   62
   63   63   63   64   64   64   64   63   63   62   61   60   60   58   57   56
   55   55   55   56   57   58   60   62   65
    70.0-180.0 180.0   5.0 450.0                            LAT/LON1/LON2/DLON/H
   61   65   68   70   73   76   77   78   78   79   80   81   82   82   83   83
   84   85   87   88   90   91   91   91   89   87   86   83   81   79   79   78
   78   78   78   77   76   74   72   70   68   66   65   65   64   63   64   64
   64   64   65   65   65   65   64   64   63   62   61   60   59   57   56   55
   54   53   53   53   53   55   56   59   61
    67.5-180.0 180.0   5.0 450.0                            LAT/LON1/LON2/DLON/H
   59   62   66   69   72   74   76   77   78   79   79   81   81   81   81   81
   81   82   83   86   88   89   91   91   89   88   86   84   82   81   81   81
   81   81   81   80   79   76   74   71   69   67   66   66   66   66   66   66
   67   67   67   67   66   66   65   64   63   62   61   60   59   58   56   55
   54   53   52   51   51   52   53   55   59
    65.0-180.0 180.0   5.0 450.0                            LAT/LON1/LON2/DLON/H
   56   60   64   68   71   73   75   76   77   79   80   81   81   80   80   78
   78   79   80   82   85   87   89   89   89   88   87   85   84   83   83   83
   84   84   84   82   80   78   75   72   70   68   68   68   68   69   69   69
   69   70   69   69   67   67   66   65   64   62   61   60   59   58   57   56
   54   53   52   51   50   51   51   53   56
    62.5-180.0 180.0   5.0 450.0                            LAT/LON1/LON2/DLON/H
   56   59   64   68   71   74   75   76   77   78   79   81   82   81   79   78
   77   76   77   79   81   84   86   87   88   88   87   86   86   86   86   87
   87   87   87   85   82   79   76   72   71   70   71   71   72   73   74   74
   73   72   71   70   69   68   66   65   64   63   62   61   60   60   59   58
   56   55   54   53   52   51   51   53   56
    60.0-180.0 180.0   5.0 450.0                            LAT/LON1/LON2/DLON/H
   56   60   65   69   72   74   76   76   76   78   80   81   82   82   80   78
   76   75   75   76   79   81   84   86   87   87   88   88   88   88   89   90
   90   91   90   88   85   82   78   76   74   74   75   76   78   79   79   78
   77   75   73   72   71   69   68   67   66   65   64   63   62   62   61   60
   59   58   56   55   53   53   52   54   56
    57.5-180.0 180.0   5.0 450.0                            LAT/LON1/LON2/DLON/H
   57   61   66   70   74   76   77   77   78   79   80   81   82   83   82   80
   77   76   75   75   77   79   82   84   86   88   89   90   90   91   91   92
   93   94   93   91   89   86   83   81   80   81   82   84   85   85   85   83
   81   78   76   75   73   71   70   69   68   67   66   66   65   64   64   63
   62   61   59   58   56   55   55   55   57
    55.0-180.0 180.0   5.0 450.0                            LAT/LON1/LON2/DLON/H
   58   62   67   73   77   80   80   80   80   80   81   82   83   84   84   82
   80   78   77   76   77   79   81   84   87   89   91   92   92   92   93   94
   95   96   96   96   95   94   92   91   90   90   92   92   93   92   90   88
   84   81   79   77   76   74   73   72   72   71   70   69   68   67   66   65
   64   63   62   60   59   57   56   56   58
    52.5-180.0 180.0   5.0 450.0                            LAT/LON1/LON2/DLON/H
   59   63   69   75   81   83   85   84   83   83   83   83   84   85   86   85
   83   81   80   78   78   79   82   85   89   91   93   94   95   94   95   95
   97   98  100  102  104  105  105  104  103  102  102  102  101   99   96   92
   88   85   82   81   80   79   78   77   76   75   74   73   71   70   68   67
   65   65   64   63   61   59   58   57   59
    50.0-180.0 180.0   5.0 450.0                            LAT/LON1/LON2/DLON/H
   59   63   68   76   83   87   90   90   89   88   87   86   86   87   88   88
   87   85   83   82   81   82   84   88   91   94   96   97   97   96   96   97
   98  101  105  110  115  118  120  120  118  116  114  111  108  105  101   96
   92   88   86   85   85   84   83   82   82   80   79   77   75   72   70   67
   67   66   66   65   63   61   59   59   59
    47.5-180.0 180.0   5.0 450.0                            LAT/LON1/LON2/DLON/H
   59   61   67   75   84   90   94   96   95   94   93   90   89   89   89   90
   91   90   88   86   85   85   87   91   95   98   99  100   99   98   98   98
  100  104  111  119  126  133  136  136  133  129  124  120  115  110  105  100
   95   93   91   91   91   90   89   88   87   86   84   81   78   74   71   69
   69   68   68   67   65   63   61   59   59
    45.0-180.0 180.0   5.0 450.0                            LAT/LON1/LON2/DLON/H
   58   59   64   72   81   89   96  100  102  102  100   97   94   91   91   92
   94   94   93   91   89   89   91   94   99  101  103  103  102  100  100  100
  104  109  118  128  138  147  151  151  147  140  134  128  121  115  109  104
  100   97   97   97   97   96   95   94   92   90   88   84   80   77   73   72
   70   70   70   69   67   65   62   59   58
    42.5-180.0 180.0   5.0 450.0                            LAT/LON1/LON2/DLON/H
   56   55   59   66   76   86   94  102  107  110  108  105   99   96   94   95
   97   98   98   96   94   93   95   98  102  105  107  107  106  105  104  106
  109  116  126  137  150  159  164  163  158  151  142  134  126  120  113  108
  105  103  102  102  102  101  100   98   96   93   90   86   82   78   76   74
   73   73   73   72   69   67   63   59   56
    40.0-180.0 180.0   5.0 450.0                            LAT/LON1/LON2/DLON/H
   54   51   52   58   67   79   89  100  110  116  117  114  107  101   98   98
  101  102  103  101   98   97   99  102  106  109  110  111  111  110  111  114
  119  126  136  148  160  170  174  173  168  159  150  141  133  125  119  114
  111  110  109  108  107  105  103  101   98   95   91   87   83   80   79   78
   78   77   76   74   71   68   64   58   54
    37.5-180.0 180.0   5.0 450.0                            LAT/LON1/LON2/DLON/H
   52   48   47   50   58   69   82   96  110  121  125  123  117  109  104  103
  104  106  106  105  102  101  103  106  110  113  115  116  116  117  120  124
  130  139  148  158  169  177  182  181  175  167  158  148  139  131  125  120
  117  115  113  112  110  107  105  102  100   96   91   87   84   81   82   82
   81   81   79   76   72   68   63   58   52
    35.0-180.0 180.0   5.0 450.0                            LAT/LON1/LON2/DLON/H
   51   45   42   43   49   59   73   89  107  122  131  132  125  117  110  107
  107  109  109  108  106  104  105  108  112  116  118  120  122  126  131  137
  145  153  162  169  177  184  188  187  182  174  165  156  147  138  131  126
  122  119  116  114  111  107  105  102   99   95   90   86   83   83   84   85
   85   84   81   76   71   67   62   57   51
    32.5-180.0 180.0   5.0 450.0                            LAT/LON1/LON2/DLON/H
   51   46   41   40   43   52   65   83  102  121  134  137  133  125  117  112
  110  111  111  110  108  107  108  111  114  118  121  125  129  134  142  151
  160  169  176  181  185  190  193  193  189  182  174  164  154  145  137  130
  125  121  116  113  109  105  102  100   97   92   87   84   82   83   86   87
   87   85   80   75   70   65   61   56   51
    30.0-180.0 180.0   5.0 450.0                            LAT/LON1/LON2/DLON/H
   51   46   42   40   42   48   60   76   96  116  132  139  138  130  122  115
  112  111  111  110  109  109  110  112  115  120  124  129  135  143  153  164
  175  184  189  191  193  197  199  199  197  190  182  172  160  149  139  131
  125  119  113  108  104  100   98   96   93   88   84   81   80   83   86   87
   87   84   78   72   67   63   59   55   51
    27.5-180.0 180.0   5.0 450.0                            LAT/LON1/LON2/DLON/H
   52   48   45   42   43   48   57   71   90  110  127  137  138  134  125  117
  113  111  111  110  109  110  110  112  115  120  128  134  142  152  162  175
  187  196  200  201  201  203  205  206  203  197  188  176  163  150  139  128
  121  114  107  101   97   94   93   91   88   84   80   78   77   80   83   86
   84   81   75   69   63   59   56   54   52
    25.0-180.0 180.0   5.0 450.0                            LAT/LON1/LON2/DLON/H
   51   50   49   47   48   52   58   69   85  103  120  132  137  133  126  119
  114  111  110  109  109  110  110  112  115  122  131  140  149  160  171  184
  195  205  208  209  209  209  211  212  209  202  191  178  163  148  134  123
  114  106   99   93   89   86   87   86   84   80   76   74   74   77   79   81
   80   76   70   64   59   56   54   52   51
    22.5-180.0 180.0   5.0 450.0                            LAT/LON1/LON2/DLON/H
   51   52   52   52   54   57   62   70   83   97  113  125  132  132  126  119
  114  111  109  108  109  110  110  112  116  125  136  148  158  168  179  191
  202  210  214  215  214  215  216  215  211  204  191  176  159  143  128  116
  106   97   90   85   81   79   80   80   79   76   73   70   70   71   74   75
   74   70   65   60   55   53   51   50   51
    20.0-180.0 180.0   5.0 450.0                            LAT/LON1/LON2/DLON/H
   49   51   54   56   59   63   67   73   83   94  107  119  127  129  125  119
  115  112  110  108  108  108  109  111  117  129  142  156  167  177  186  196
  205  213  217  218  218  218  218  216  211  201  188  172  154  137  122  109
   98   89   82   77   73   73   74   75   74   71   69   67   66   66   67   67
   66   64   60   56   52   50   48   48   49
    17.5-180.0 180.0   5.0 450.0                            LAT/LON1/LON2/DLON/H
   46   49   53   58   62   67   71   77   85   94  105  116  124  126  123  120
  116  114  112  109  108  108  109  112  120  135  151  166  178  186  193  200
  207  214  217  219  219  219  217  213  207  197  183  166  148  131  116  102
   91   81   74   70   68   67   69   70   70   68   66   64   61   60   60   59
   59   58   55   52   50   48   46   45   46
    15.0-180.0 180.0   5.0 450.0                            LAT/LON1/LON2/DLON/H
   43   46   50   56   61   67   74   81   89   97  107  115  122  125  124  122
  120  118  115  112  110  109  111  116  125  142  160  176  188  195  200  204
  209  214  216  217  217  216  213  207  200  190  177  161  144  127  111   97
   86   77   69   65   63   63   64   66   66   65   64   61   57   55   53   53
   53   52   51   49   48   46   44   42   43
    12.5-180.0 180.0   5.0 450.0                            LAT/LON1/LON2/DLON/H
   40   42   45   51   57   63   72   81   92  102  110  118  122  124  124  125
  124  123  121  117  114  113  115  121  133  151  170  186  197  203  206  208
  210  213  213  213  212  210  205  200  192  183  171  157  140  125  110   95
   83   73   66   61   60   60   61   62   63   63   62   59   54   51   49   48
   48   48   48   47   46   45   42   40   40
    10.0-180.0 180.0   5.0 450.0                            LAT/LON1/LON2/DLON/H
   36   37   39   43   48   56   66   79   93  105  114  120  124  125  127  128
  130  130  128  124  120  120  122  129  142  160  179  194  204  208  210  210
  211  211  209  207  204  201  196  190  184  176  167  154  139  124  108   93
   81   70   63   59   57   57   59   59   61   62   61   57   53   48   46   44
   45   45   45   46   45   44   41   37   36
     7.5-180.0 180.0   5.0 450.0                            LAT/LON1/LON2/DLON/H
   34   34   34   36   39   46   58   73   91  105  116  123  126  128  130  133
  137  138  137  132  129  128  131  139  152  168  186  199  207  210  211  211
  210  207  203  199  194  190  185  180  175  170  163  151  137  122  107   92
   79   68   61   58   56   55   56   57   59   61   60   57   52   48   45   44
   44   44   45   44   44   43   39   37   34
     5.0-180.0 180.0   5.0 450.0                            LAT/LON1/LON2/DLON/H
   34   32   30   29   31   36   48   65   85  103  116  124  128  130  134  139
  144  146  146  142  139  138  141  149  161  175  190  200  206  209  209  209
  206  201  195  188  183  178  173  170  167  164  158  148  135  120  104   89
   76   67   61   57   55   54   55   56   58   61   60   57   53   49   46   45
   45   45   44   44   42   41   38   36   34
     2.5-180.0 180.0   5.0 450.0                            LAT/LON1/LON2/DLON/H
   35   32   29   26   25   29   40   57   78   98  113  123  129  133  139  145
  151  154  154  151  148  148  150  157  168  179  190  198  202  203  204  203
  199  192  185  177  172  166  161  159  158  157  153  142  129  114   98   85
   73   65   60   57   55   54   54   56   59   60   60   57   53   50   49   48
   47   46   45   44   42   40   38   36   35
