vscode/rtklib/rtklib/data/igsg1900.19i
     1.0            IONOSPHERE MAPS     MIX                 IONEX VERSION / TYPE
cmpcmb v1.2          GRL/UWM             1-aug-19 04:13     PGM / RUN BY / DATE 
ionex file containing IGS COMBINED Ionosphere maps          COMMENT             
global ionosphere maps for day 190, 2019                    DESCRIPTION         
IONEX file containing the COMBINED IGS TEC MAPS and DCBs    DESCRIPTION         
      IONEX files of the following IAACs were combined: cod DESCRIPTION         
                                                        jpl DESCRIPTION         
Contact address: Andrzej Krankowski                         DESCRIPTION
                 Geodynamics Research Laboratory            DESCRIPTION
                 University of Warmia and Mazury (GRL/UWM)  DESCRIPTION
                 Oczapowski St. 1                           DESCRIPTION
                 10-957-Olsztyn, POLAND                     DESCRIPTION
                 e-mail:  kand@uwm.edu.pl                   DESCRIPTION
                                                            DESCRIPTION         
  2019     7     9     0     0     0                        EPOCH OF FIRST MAP  
  2019     7    10     0     0     0                        EPOCH OF LAST MAP   
  7200                                                      INTERVAL            
    13                                                      # OF MAPS IN FILE   
  COSZ                                                      MAPPING FUNCTION    
     0.0                                                    ELEVATION CUTOFF    
combined TEC calculated as weighted mean of input TEC valuesOBSERVABLES USED    
   330                                                      # OF STATIONS       
    32                                                      # OF SATELLITES     
  6371.0                                                    BASE RADIUS         
     2                                                      MAP DIMENSION       
   450.0 450.0   0.0                                        HGT1 / HGT2 / DHGT  
    87.5 -87.5  -2.5                                        LAT1 / LAT2 / DLAT  
  -180.0 180.0   5.0                                        LON1 / LON2 / DLON  
    -1                                                      EXPONENT            
TEC values in 0.1 tec units;  9999, if no value available   COMMENT             
DCB values in nanoseconds, reference is Sum_of_SatDCBs = 0  COMMENT             
                                                            END OF HEADER       
[from data line 429]
     2                                                      START OF TEC MAP    
  2019     7     9     2     0     0                        EPOCH OF CURRENT MAP
    87.5-180.0 180.0   5.0 450.0                            LAT/LON1/LON2/DLON/H
   91   92   92   91   91   91   91   90   90   90   89   89   88   88   87   86
   86   85   84   83   82   81   80   80   79   78   78   77   77   77   76   76
   76   76   76   76   76   76   77   77   77   77   78   78   79   79   80   80
   81   81   82   83   83   84   84   84   85   85   86   86   87   87   87   88
   88   89   89   89   90   90   91   91   91
    85.0-180.0 180.0   5.0 450.0                            LAT/LON1/LON2/DLON/H
   96   97   97   97   97   98   97   97   96   95   94   93   92   91   89   88
   86   84   82   80   78   76   75   73   72   71   70   69   68   67   67   67
   67   67   67   68   68   69   70   71   72   73   74   75   75   76   77   78
   79   80   81   81   82   82   83   84   84   85   85   86   87   87   88   89
   89   90   91   92   92   93   94   95   96
    82.5-180.0 180.0   5.0 450.0                            LAT/LON1/LON2/DLON/H
   97   99   99  100  101  102  102  101  101  100   99   97   95   93   91   88
   85   83   80   77   74   72   69   67   65   64   62   61   60   59   59   59
   59   60   60   61   62   64   65   66   68   69   71   72   74   75   76   77
   78   79   80   81   82   82   83   83   83   84   84   84   85   85   85   86
   87   89   90   91   92   94   95   96   97
    80.0-180.0 180.0   5.0 450.0                            LAT/LON1/LON2/DLON/H
   96   98  100  101  102  102  103  102  102  101  100   98   96   93   90   87
   84   80   77   73   70   67   65   62   60   58   56   55   54   54   54   54
   55   55   56   58   59   61   63   65   67   68   70   72   74   75   77   78
   79   80   81   81   82   82   82   82   82   82   82   82   82   82   82   83
   84   85   86   87   89   90   92   94   96
    77.5-180.0 180.0   5.0 450.0                            LAT/LON1/LON2/DLON/H
   93   95   97   98  100  100  101  101  101  100   98   96   94   91   88   84
   81   78   74   71   67   64   61   59   56   55   53   52   52   51   51   51
   52   53   54   56   58   60   62   64   66   68   70   72   74   76   77   79
   80   81   81   82   82   82   82   82   82   81   80   80   79   79   79   79
   79   80   81   82   84   86   88   90   93
    75.0-180.0 180.0   5.0 450.0                            LAT/LON1/LON2/DLON/H
   88   91   93   95   96   97   97   97   97   96   94   92   90   87   84   82
   79   75   72   69   66   63   60   59   56   55   54   53   52   52   51   52
   52   54   55   56   58   60   62   64   66   68   71   73   74   76   78   79
   80   81   82   82   82   82   82   82   81   80   79   79   78   77   76   76
   76   76   77   78   79   81   84   86   88
    72.5-180.0 180.0   5.0 450.0                            LAT/LON1/LON2/DLON/H
   85   87   90   91   92   94   94   93   93   92   90   88   87   84   81   78
   75   72   70   67   65   63   61   60   58   57   56   55   54   54   54   54
   54   54   55   57   58   60   61   63   65   67   69   72   74   76   78   79
   81   82   82   82   82   82   82   81   81   81   80   79   78   77   75   74
   74   74   74   75   76   78   80   82   85
    70.0-180.0 180.0   5.0 450.0                            LAT/LON1/LON2/DLON/H
   84   86   88   90   90   90   90   90   89   88   86   85   83   80   78   76
   73   71   69   67   65   63   62   61   60   60   60   59   58   57   56   56
   55   54   54   55   56   57   58   60   62   64   66   69   71   74   76   78
   80   81   82   82   82   82   82   82   81   81   80   79   78   78   76   75
   75   74   74   74   75   77   79   81   84
    67.5-180.0 180.0   5.0 450.0                            LAT/LON1/LON2/DLON/H
   85   87   89   90   90   89   89   87   86   84   83   81   79   78   76   74
   72   70   68   66   65   63   63   62   62   62   62   62   61   60   58   56
   55   53   52   52   52   53   55   55   58   60   63   66   68   72   74   77
   80   81   81   81   82   82   82   82   82   82   82   82   82   81   80   79
   78   77   76   76   77   78   80   83   85
    65.0-180.0 180.0   5.0 450.0                            LAT/LON1/LON2/DLON/H
   89   91   92   92   91   90   88   86   84   83   81   80   79   77   75   73
   72   70   67   65   64   62   62   62   63   63   63   63   63   61   59   56
   53   51   49   48   48   48   49   50   52   55   58   62   66   70   74   77
   79   80   81   81   81   81   82   81   82   83   84   84   85   85   85   84
   83   82   81   81   81   82   84   86   89
    62.5-180.0 180.0   5.0 450.0                            LAT/LON1/LON2/DLON/H
   94   96   97   96   94   91   89   86   84   82   81   80   79   78   76   75
   72   70   67   65   63   61   60   60   60   62   62   63   62   60   58   54
   51   48   45   44   43   43   44   45   47   51   55   60   64   69   73   77
   79   81   81   81   81   81   81   82   83   84   86   87   88   89   90   90
   88   88   87   86   86   87   89   92   94
    60.0-180.0 180.0   5.0 450.0                            LAT/LON1/LON2/DLON/H
  100  101  102  100   98   94   91   88   85   83   82   82   81   80   79   77
   75   72   68   65   61   59   57   57   57   58   59   60   60   58   55   52
   47   44   42   39   38   39   40   42   45   49   54   58   65   70   74   78
   80   82   82   82   81   81   82   82   83   85   87   89   91   93   94   95
   94   93   92   91   91   92   95   98  100
    57.5-180.0 180.0   5.0 450.0                            LAT/LON1/LON2/DLON/H
  104  106  106  105  102   98   94   90   87   85   84   84   84   84   83   82
   79   75   70   65   60   57   55   53   54   54   55   56   56   55   52   49
   45   41   38   37   36   38   39   42   45   49   55   60   66   72   76   80
   82   84   84   84   83   83   83   83   84   86   88   90   93   95   97   98
   98   98   97   96   96   97   99  102  104
    55.0-180.0 180.0   5.0 450.0                            LAT/LON1/LON2/DLON/H
  108  110  111  109  106  102   98   94   91   89   88   88   88   88   88   86
   83   78   72   66   61   57   54   52   51   51   52   53   53   52   50   47
   43   40   38   36   37   39   41   45   49   53   57   63   69   74   78   82
   85   86   87   88   87   86   86   86   86   87   89   91   95   97   99  100
  101  100   99   98   98  100  102  105  108
    52.5-180.0 180.0   5.0 450.0                            LAT/LON1/LON2/DLON/H
  110  113  114  113  111  107  103   99   95   93   91   91   92   93   92   90
   87   82   75   68   63   59   56   53   51   50   50   51   51   50   49   46
   43   40   39   38   39   42   46   49   54   57   61   66   71   76   81   85
   88   90   92   93   93   92   91   91   90   90   91   93   96   99  101  102
  102  101  100  100  100  101  104  107  110
    50.0-180.0 180.0   5.0 450.0                            LAT/LON1/LON2/DLON/H
  111  114  115  116  115  112  109  105  101   97   95   95   96   96   96   94
   90   85   78   72   67   63   60   57   53   51   50   51   51   51   49   47
   45   43   42   42   44   47   52   56   59   62   65   68   73   77   82   86
   90   94   97   99  100  100   99   97   96   95   95   96   99  101  103  103
  103  102  101  100  101  103  105  108  111
    47.5-180.0 180.0   5.0 450.0                            LAT/LON1/LON2/DLON/H
  111  113  115  117  117  117  114  111  107  103  101   99   99   99   99   97
   93   88   82   75   71   68   65   62   58   55   53   53   53   53   52   50
   49   47   46   46   48   53   57   60   63   65   66   69   72   76   81   87
   93   99  104  107  109  108  107  105  102  101  101  102  103  105  106  106
  105  104  102  102  102  104  106  109  111
    45.0-180.0 180.0   5.0 450.0                            LAT/LON1/LON2/DLON/H
  110  111  114  116  118  120  119  117  113  110  106  105  103  102  101   99
   95   90   84   79   76   74   71   68   65   61   59   58   57   56   55   54
   53   52   50   51   53   57   60   64   65   66   66   67   71   74   80   88
   96  104  110  115  117  116  115  112  110  108  108  109  110  111  111  111
  109  108  107  106  106  107  108  109  110
    42.5-180.0 180.0   5.0 450.0                            LAT/LON1/LON2/DLON/H
  110  109  111  113  117  119  121  121  119  115  112  110  108  107  104  101
   98   93   87   82   80   78   77   75   73   69   67   64   62   61   59   59
   58   56   55   55   56   59   63   65   66   66   65   66   68   73   79   88
   98  108  116  121  123  122  120  118  117  116  117  118  119  119  119  117
  115  114  113  113  113  112  112  111  110
    40.0-180.0 180.0   5.0 450.0                            LAT/LON1/LON2/DLON/H
  112  109  109  111  114  117  121  122  122  121  118  116  114  111  108  105
  101   95   89   85   82   81   81   81   80   78   75   71   68   66   64   63
   62   60   58   58   58   61   63   65   65   64   64   65   67   72   79   90
  101  113  121  126  127  126  124  122  122  123  125  126  128  128  127  125
  123  122  123  123  123  122  119  116  112
    37.5-180.0 180.0   5.0 450.0                            LAT/LON1/LON2/DLON/H
  118  112  110  109  111  115  120  123  125  125  124  124  121  118  114  110
  104   98   92   86   84   82   83   84   86   85   83   78   74   70   67   66
   65   63   61   60   60   62   64   65   64   64   63   65   67   73   81   91
  104  115  124  129  129  126  124  124  125  129  132  135  136  136  135  133
  132  133  135  137  136  134  130  123  118
    35.0-180.0 180.0   5.0 450.0                            LAT/LON1/LON2/DLON/H
  127  120  114  111  111  113  118  123  127  129  131  131  130  128  123  116
  109  102   95   89   84   82   83   87   89   90   88   84   78   73   70   68
   66   65   63   62   61   62   64   65   65   64   65   66   68   74   82   93
  105  116  124  128  127  125  122  123  126  131  136  140  142  143  142  141
  142  144  148  152  152  148  142  135  127
    32.5-180.0 180.0   5.0 450.0                            LAT/LON1/LON2/DLON/H
  140  131  123  117  114  116  120  125  131  135  138  139  140  137  132  125
  116  107   99   90   84   81   82   87   90   93   91   86   80   74   70   68
   67   66   65   64   63   64   66   67   67   67   66   67   70   75   82   93
  105  115  122  124  123  120  119  121  125  132  137  142  145  146  146  147
  150  155  162  167  168  164  157  149  140
    30.0-180.0 180.0   5.0 450.0                            LAT/LON1/LON2/DLON/H
  155  145  136  128  122  121  125  131  137  142  145  149  150  148  142  133
  123  113  103   93   85   81   81   85   91   94   92   87   80   74   70   68
   67   66   66   65   65   67   68   69   69   69   68   69   70   75   81   91
  101  111  117  119  118  115  115  118  123  130  136  141  144  146  148  152
  157  165  175  181  183  179  172  164  155
    27.5-180.0 180.0   5.0 450.0                            LAT/LON1/LON2/DLON/H
  171  162  152  143  135  133  136  142  147  152  156  161  161  158  151  141
  130  119  108   97   87   81   81   85   90   93   92   86   79   72   68   67
   66   66   66   66   67   68   70   71   71   70   68   67   68   71   77   86
   96  104  110  112  112  111  112  116  121  127  134  138  142  145  150  156
  164  174  185  193  195  191  186  178  171
    25.0-180.0 180.0   5.0 450.0                            LAT/LON1/LON2/DLON/H
  184  178  170  161  152  148  151  156  162  166  170  173  174  169  159  148
  136  124  113  101   89   83   82   86   90   92   90   83   75   70   66   65
   65   65   66   66   67   69   70   71   70   68   64   62   62   64   70   78
   87   96  103  107  108  109  111  115  120  125  131  135  139  144  150  158
  169  181  192  201  204  201  195  190  184
    22.5-180.0 180.0   5.0 450.0                            LAT/LON1/LON2/DLON/H
  195  192  187  179  171  168  170  175  180  183  186  189  186  179  167  154
  141  129  117  104   93   86   85   88   92   91   87   79   72   66   63   62
   63   64   65   65   66   67   68   67   65   61   56   53   52   55   60   68
   78   88   96  102  106  108  112  116  121  125  129  133  137  143  151  162
  174  186  197  206  209  206  201  197  195
    20.0-180.0 180.0   5.0 450.0                            LAT/LON1/LON2/DLON/H
  201  203  201  196  189  186  189  194  199  201  204  204  199  188  173  159
  145  133  120  108   97   91   90   92   94   91   84   75   67   62   60   59
   60   62   63   63   63   64   63   61   57   51   45   41   41   44   50   58
   69   81   92  100  106  110  115  119  123  126  130  133  138  144  153  166
  178  190  200  207  210  208  204  201  201
    17.5-180.0 180.0   5.0 450.0                            LAT/LON1/LON2/DLON/H
  204  209  211  209  205  203  206  211  217  219  220  218  210  196  179  162
  148  136  123  110  100   95   96   97   96   90   81   70   61   57   55   55
   57   58   59   59   58   58   57   53   47   39   33   29   29   33   39   49
   62   76   89  100  108  114  119  123  126  129  132  136  141  148  159  171
  183  193  201  207  208  206  202  201  204
    15.0-180.0 180.0   5.0 450.0                            LAT/LON1/LON2/DLON/H
  203  210  216  217  215  215  219  224  230  233  234  231  220  203  183  165
  151  137  124  112  102   98   99  100   97   89   77   64   56   53   51   51
   52   53   53   53   52   51   49   44   37   29   23   20   21   24   32   43
   57   73   88  101  111  118  123  127  130  133  136  140  146  154  165  177
  188  195  201  204  204  201  198  198  203
    12.5-180.0 180.0   5.0 450.0                            LAT/LON1/LON2/DLON/H
  200  208  215  219  219  221  225  232  238  242  243  239  227  207  186  167
  152  138  124  111  102   99  100  101   97   86   72   59   51   49   48   47
   48   48   48   48   47   46   43   38   30   22   16   14   16   20   27   38
   54   71   88  102  113  121  126  129  133  136  140  146  153  162  174  185
  193  198  201  201  199  196  193  193  200
    10.0-180.0 180.0   5.0 450.0                            LAT/LON1/LON2/DLON/H
  195  204  211  215  218  220  226  233  239  245  246  241  229  209  187  168
  152  137  123  109  100   96   98   99   93   81   67   55   48   45   45   44
   44   44   44   44   43   42   40   35   27   20   15   14   16   18   24   35
   51   70   88  103  114  122  127  131  135  139  144  151  160  171  182  192
  199  202  201  200  196  192  189  189  195
     7.5-180.0 180.0   5.0 450.0                            LAT/LON1/LON2/DLON/H
  192  200  206  210  213  216  221  228  235  241  243  239  226  206  185  166
  150  135  119  105   95   91   93   93   87   76   62   51   44   43   42   41
   41   41   41   41   41   41   40   36   30   23   18   17   18   20   25   35
   50   69   87  102  113  120  126  130  134  140  147  156  167  178  190  199
  204  205  204  200  195  191  187  187  192
     5.0-180.0 180.0   5.0 450.0                            LAT/LON1/LON2/DLON/H
  190  196  201  204  206  209  213  219  226  231  234  230  219  199  179  161
  145  130  114   99   89   84   85   85   79   69   56   47   43   42   42   41
   40   40   40   41   42   43   43   40   34   28   24   22   22   23   26   36
   50   67   85   98  109  117  122  127  132  139  147  158  170  183  194  203
  208  208  205  202  197  192  188  187  190
     2.5-180.0 180.0   5.0 450.0                            LAT/LON1/LON2/DLON/H
  192  195  197  199  200  202  206  209  214  219  222  218  206  189  169  152
  137  122  107   92   82   77   77   76   71   62   53   46   42   41   41   40
   39   40   42   42   44   45   46   44   39   33   29   27   26   26   28   36
   49   65   81   95  104  112  117  122  128  136  146  158  171  184  195  203
  208  208  206  203  199  194  191  190  192
