vscode/rtklib/rtklib/data/igsg1900.19i
     1.0            IONOSPHERE MAPS     MIX                 IONEX VERSION / TYPE
cmpcmb v1.2          GRL/UWM             1-aug-19 04:13     PGM / RUN BY / DATE 
ionex file containing IGS COMBINED Ionosphere maps          COMMENT             
global ionosphere maps for day 190, 2019                    DESCRIPTION         
IONEX file containing the COMBINED IGS TEC MAPS and DCBs    DESCRIPTION         
      IONEX files of the following IAACs were combined: cod DESCRIPTION         
                                                        jpl DESCRIPTION         
Contact address: Andrzej Krankowski                         DESCRIPTION
                 Geodynamics Research Laboratory            DESCRIPTION
                 University of Warmia and Mazury (GRL/UWM)  DESCRIPTION
                 Oczapowski St. 1                           DESCRIPTION
                 10-957-Olsztyn, POLAND                     DESCRIPTION
                 e-mail:  kand@uwm.edu.pl                   DESCRIPTION
                                                            DESCRIPTION         
  2019     7     9     0     0     0                        EPOCH OF FIRST MAP  
  2019     7    10     0     0     0                        EPOCH OF LAST MAP   
  7200                                                      INTERVAL            
    13                                                      # OF MAPS IN FILE   
  COSZ                                                      MAPPING FUNCTION    
     0.0                                                    ELEVATION CUTOFF    
combined TEC calculated as weighted mean of input TEC valuesOBSERVABLES USED    
   330                                                      # OF STATIONS       
    32                                                      # OF SATELLITES     
  6371.0                                                    BASE RADIUS         
     2                                                      MAP DIMENSION       
   450.0 450.0   0.0                                        HGT1 / HGT2 / DHGT  
    87.5 -87.5  -2.5                                        LAT1 / LAT2 / DLAT  
  -180.0 180.0   5.0                                        LON1 / LON2 / DLON  
    -1                                                      EXPONENT            
TEC values in 0.1 tec units;  9999, if no value available   COMMENT             
DCB values in nanoseconds, reference is Sum_of_SatDCBs = 0  COMMENT             
                                                            END OF HEADER       
[from data line 2574]
     7                                                      START OF TEC MAP    
  2019     7     9    12     0     0                        EPOCH OF CURRENT MAP
    87.5-180.0 180.0   5.0 450.0                            LAT/LON1/LON2/DLON/H
   81   81   81   81   81   81   81   81   81   81   81   81   81   82   82   82
   82   82   82   82   82   82   82   82   82   82   82   82   82   82   82   82
   83   82   82   82   82   82   82   82   82   82   82   82   82   82   82   82
   82   82   82   82   82   82   82   82   82   82   81   81   81   81   81   81
   81   81   82   81   81   81   81   81   81
    85.0-180.0 180.0   5.0 450.0                            LAT/LON1/LON2/DLON/H
   78   78   79   79   79   79   79   79   79   79   79   79   79   79   80   80
   79   80   80   80   80   80   80   81   81   81   81   81   81   81   81   81
   81   81   80   80   80   80   80   80   80   80   80   80   80   80   81   81
   81   81   80   80   80   80   80   80   80   79   79   79   79   79   78   78
   78   78   79   78   78   78   79   78   78
    82.5-180.0 180.0   5.0 450.0                            LAT/LON1/LON2/DLON/H
   76   76   76   76   76   76   76   76   76   76   76   76   76   76   76   76
   76   77   77   78   78   78   78   79   79   79   79   79   79   79   79   79
   79   79   78   78   78   78   78   78   78   78   78   78   78   78   78   78
   79   79   79   79   78   78   78   77   77   76   76   76   75   75   74   74
   74   74   73   74   74   75   74   75   76
    80.0-180.0 180.0   5.0 450.0                            LAT/LON1/LON2/DLON/H
   72   73   74   74   75   75   75   75   74   74   73   73   73   72   72   72
   73   73   74   75   75   76   76   77   77   77   77   78   77   77   77   76
   76   76   76   76   76   75   75   75   75   75   75   75   75   76   76   77
   77   77   77   77   77   77   76   76   75   74   73   72   71   70   69   69
   69   68   68   69   69   70   70   71   72
    77.5-180.0 180.0   5.0 450.0                            LAT/LON1/LON2/DLON/H
   69   70   72   72   73   73   73   72   71   70   69   68   68   68   68   68
   69   70   71   72   73   74   75   75   76   76   76   76   76   76   75   75
   74   74   74   74   73   73   73   73   73   72   73   73   73   74   75   75
   75   76   76   76   76   76   75   74   73   71   70   68   67   65   64   63
   63   63   62   63   64   65   67   68   69
    75.0-180.0 180.0   5.0 450.0                            LAT/LON1/LON2/DLON/H
   66   68   70   71   72   71   71   71   69   68   66   65   64   64   65   65
   66   68   69   70   72   73   74   74   74   74   74   74   74   73   73   73
   73   73   73   73   72   72   72   71   71   71   72   72   73   74   74   75
   75   76   76   77   76   76   75   74   72   70   69   66   64   62   60   59
   58   58   58   58   60   61   63   65   66
    72.5-180.0 180.0   5.0 450.0                            LAT/LON1/LON2/DLON/H
   64   66   68   69   69   70   69   68   67   65   64   63   63   62   62   63
   64   66   67   69   71   72   73   73   73   72   72   72   72   72   72   72
   72   73   73   73   72   72   71   71   70   71   71   72   73   74   75   76
   76   76   77   77   77   77   76   75   73   71   68   66   63   61   59   58
   56   55   55   56   57   58   59   62   64
    70.0-180.0 180.0   5.0 450.0                            LAT/LON1/LON2/DLON/H
   61   62   64   66   66   67   66   65   65   64   63   62   61   61   61   62
   63   64   66   68   70   71   72   72   71   71   70   69   70   69   70   71
   73   74   74   74   73   73   71   71   71   71   72   74   75   76   77   77
   77   78   78   78   78   78   78   77   75   73   71   68   65   62   60   58
   57   56   56   56   56   56   57   59   61
    67.5-180.0 180.0   5.0 450.0                            LAT/LON1/LON2/DLON/H
   57   58   60   61   62   62   63   62   62   62   61   61   61   61   61   61
   62   63   65   67   69   70   70   70   69   68   68   67   67   68   70   72
   73   74   75   75   74   73   72   72   72   73   74   76   78   79   80   80
   79   79   79   79   79   80   80   79   78   76   74   72   69   67   65   63
   62   60   59   58   57   56   56   57   57
    65.0-180.0 180.0   5.0 450.0                            LAT/LON1/LON2/DLON/H
   55   55   55   56   56   57   57   57   58   58   59   59   60   60   60   61
   61   62   64   66   67   68   69   68   67   66   65   65   66   68   70   73
   75   76   77   77   76   74   73   72   73   75   77   80   82   84   84   83
   82   81   80   79   80   80   81   81   80   79   78   76   75   73   72   71
   68   67   64   62   60   58   56   55   55
    62.5-180.0 180.0   5.0 450.0                            LAT/LON1/LON2/DLON/H
   53   52   51   51   51   51   51   52   53   54   55   56   57   58   58   59
   59   60   62   64   65   66   66   65   64   63   63   64   66   68   71   74
   77   79   79   78   77   75   73   73   74   77   81   85   88   89   89   87
   84   82   81   80   80   81   82   82   82   82   82   82   81   81   80   79
   77   75   71   68   64   60   58   55   53
    60.0-180.0 180.0   5.0 450.0                            LAT/LON1/LON2/DLON/H
   53   51   49   48   47   47   47   47   48   48   50   51   53   54   56   56
   57   58   60   62   63   64   64   63   62   62   63   64   66   69   72   76
   79   81   82   81   79   77   76   76   77   81   85   90   93   95   95   92
   88   85   82   81   81   82   83   83   84   84   85   86   87   88   88   87
   85   82   78   74   69   64   59   56   53
    57.5-180.0 180.0   5.0 450.0                            LAT/LON1/LON2/DLON/H
   55   52   50   48   46   45   44   43   43   43   44   45   47   50   51   53
   54   56   58   60   62   62   62   62   62   63   64   65   68   71   75   78
   82   84   85   84   83   81   81   81   83   87   91   97  100  102  101   97
   92   88   84   82   82   82   83   84   85   85   87   89   91   92   93   92
   91   88   83   78   73   67   62   59   55
    55.0-180.0 180.0   5.0 450.0                            LAT/LON1/LON2/DLON/H
   58   56   53   51   48   46   44   42   40   39   39   40   42   44   47   49
   52   54   56   58   60   61   62   63   64   65   67   69   71   75   78   82
   85   88   89   89   88   88   88   89   92   95   99  105  108  109  107  103
   97   92   88   85   84   84   84   84   85   86   88   90   92   95   96   95
   94   91   86   81   75   70   65   62   58
    52.5-180.0 180.0   5.0 450.0                            LAT/LON1/LON2/DLON/H
   63   61   59   56   54   51   48   45   42   39   37   37   38   40   43   46
   49   52   55   57   59   61   63   65   67   69   71   74   76   79   81   85
   88   91   93   95   97   98   99  100  102  105  109  113  115  115  113  108
  102   96   92   89   87   86   85   85   86   87   88   91   93   95   96   96
   93   91   87   82   77   73   69   65   63
    50.0-180.0 180.0   5.0 450.0                            LAT/LON1/LON2/DLON/H
   68   66   65   63   61   58   55   51   47   43   40   37   37   38   40   44
   48   52   54   57   59   62   65   68   71   74   77   79   81   83   85   88
   91   94   98  103  107  111  113  114  115  116  118  120  121  120  118  113
  107  102   98   94   91   89   88   87   88   89   90   92   93   94   95   94
   92   89   86   82   78   74   72   70   68
    47.5-180.0 180.0   5.0 450.0                            LAT/LON1/LON2/DLON/H
   72   72   71   70   69   67   63   59   54   50   45   42   40   39   40   43
   47   52   55   58   61   64   68   72   76   79   82   84   86   87   88   91
   94   98  103  111  118  124  127  128  128  127  126  127  126  125  122  117
  113  108  104  101   97   94   92   91   91   92   92   93   93   93   93   92
   91   88   85   82   79   76   74   73   72
    45.0-180.0 180.0   5.0 450.0                            LAT/LON1/LON2/DLON/H
   75   75   75   75   75   73   70   67   63   59   55   50   45   43   43   45
   49   52   56   59   63   68   72   76   80   83   86   88   89   90   91   94
   97  102  109  119  129  137  141  141  139  135  133  132  131  130  127  122
  118  114  111  107  104  100   97   96   97   97   97   97   96   96   94   92
   90   87   85   83   81   79   77   76   75
    42.5-180.0 180.0   5.0 450.0                            LAT/LON1/LON2/DLON/H
   77   77   77   77   77   76   75   73   70   68   64   58   53   48   47   48
   51   54   58   63   67   72   76   81   85   87   89   90   91   92   94   97
  101  106  115  126  138  148  152  152  147  143  139  137  136  135  133  129
  125  122  119  116  112  107  104  103  103  103  103  103  101  100   97   94
   91   89   87   85   84   82   81   79   77
    40.0-180.0 180.0   5.0 450.0                            LAT/LON1/LON2/DLON/H
   79   76   76   76   77   76   75   75   74   74   72   67   60   54   51   51
   53   57   61   65   70   76   80   85   88   90   91   92   93   94   97  100
  105  111  121  133  146  156  160  159  154  149  144  143  142  142  140  137
  134  132  129  126  121  116  113  111  111  111  110  110  108  106  102   99
   94   91   89   88   86   85   83   81   79
    37.5-180.0 180.0   5.0 450.0                            LAT/LON1/LON2/DLON/H
   78   74   73   73   73   73   72   72   74   76   76   73   66   60   56   55
   57   60   64   68   74   80   84   88   91   92   93   93   94   95   99  103
  109  117  127  139  152  161  165  163  159  154  150  150  151  151  150  148
  146  144  141  137  132  126  123  121  120  119  117  116  114  112  108  103
   99   94   92   90   88   87   85   82   78
    35.0-180.0 180.0   5.0 450.0                            LAT/LON1/LON2/DLON/H
   76   72   69   68   67   66   66   67   69   74   77   76   70   64   59   58
   59   62   67   72   78   83   88   91   93   93   94   95   96   97  101  106
  114  122  132  144  155  163  166  165  162  159  158  159  161  163  163  162
  160  159  156  151  145  139  134  131  128  126  123  121  119  116  112  108
  102   97   93   90   89   87   85   81   76
    32.5-180.0 180.0   5.0 450.0                            LAT/LON1/LON2/DLON/H
   73   68   64   62   61   60   58   59   63   70   75   76   72   65   61   60
   61   64   69   75   81   86   90   93   94   96   97   97   97   98  102  109
  118  127  138  149  158  164  167  166  166  167  168  171  174  177  178  178
  177  176  173  168  160  153  146  141  136  132  126  123  121  118  115  110
  104   98   93   89   87   86   83   79   73
    30.0-180.0 180.0   5.0 450.0                            LAT/LON1/LON2/DLON/H
   70   65   61   58   56   55   53   53   57   65   71   74   71   65   62   61
   62   66   71   77   83   88   92   93   95   97   98  100  100  100  104  112
  123  134  144  153  160  164  167  168  171  174  179  183  189  191  193  194
  195  195  193  186  178  167  159  151  143  135  127  123  119  116  114  110
  104   97   90   85   82   81   80   76   70
    27.5-180.0 180.0   5.0 450.0                            LAT/LON1/LON2/DLON/H
   68   63   59   57   54   52   50   49   52   59   66   70   68   64   62   62
   63   67   72   78   85   90   92   94   95   97  100  102  102  102  106  115
  127  139  149  156  161  165  168  172  177  183  189  195  201  205  209  211
  214  214  213  206  195  182  170  159  149  137  128  120  115  112  111  108
  102   93   85   80   76   75   75   72   68
    25.0-180.0 180.0   5.0 450.0                            LAT/LON1/LON2/DLON/H
   67   63   60   58   56   53   51   49   51   56   62   65   64   62   60   61
   62   66   72   79   86   91   93   93   95   97  101  104  104  105  109  119
  133  146  155  161  164  167  170  176  183  191  198  205  212  217  222  227
  230  232  230  223  210  194  179  166  153  139  126  116  110  107  106  104
   97   89   80   73   69   69   70   69   67
    22.5-180.0 180.0   5.0 450.0                            LAT/LON1/LON2/DLON/H
   66   64   62   61   60   58   55   53   53   55   59   61   61   60   59   59
   61   65   71   79   87   91   92   92   94   97  101  105  107  108  114  125
  138  151  161  166  168  171  175  182  190  198  206  212  219  225  231  237
  242  245  244  236  222  204  186  171  156  141  125  113  106  102  100   97
   92   84   75   68   64   64   66   67   66
    20.0-180.0 180.0   5.0 450.0                            LAT/LON1/LON2/DLON/H
   66   65   65   65   64   63   60   57   56   56   58   58   58   58   58   58
   60   63   70   79   87   92   92   92   93   96  101  105  109  112  118  130
  144  157  166  170  174  177  182  189  197  203  209  216  223  230  236  243
  249  252  250  242  227  208  189  174  159  142  125  112  103   98   95   92
   86   79   71   65   61   61   63   65   66
    17.5-180.0 180.0   5.0 450.0                            LAT/LON1/LON2/DLON/H
   66   66   66   67   67   67   65   62   59   58   58   58   57   56   56   57
   58   61   68   78   87   92   92   91   91   94  100  106  110  115  123  136
  149  162  170  176  179  184  189  196  202  207  211  216  223  231  237  244
  249  252  250  242  227  207  189  174  160  144  127  113  102   95   91   86
   81   75   69   63   60   60   62   65   66
    15.0-180.0 180.0   5.0 450.0                            LAT/LON1/LON2/DLON/H
   65   65   66   66   68   69   67   65   63   61   59   58   56   55   55   55
   55   58   66   77   87   93   93   91   91   94   99  105  112  119  129  141
  154  166  174  180  185  190  196  202  206  209  212  216  222  229  235  241
  245  246  243  235  220  203  187  175  163  147  130  115  103   93   86   80
   76   72   68   65   62   62   64   65   65
    12.5-180.0 180.0   5.0 450.0                            LAT/LON1/LON2/DLON/H
   64   63   61   62   65   66   66   64   63   61   60   58   56   55   54   53
   53   56   64   76   88   93   94   92   91   94   99  106  113  122  133  145
  157  167  176  182  188  195  200  205  208  210  213  216  221  227  233  237
  239  238  234  225  211  196  183  174  164  150  134  117  103   92   83   75
   71   69   68   66   65   65   66   66   64
    10.0-180.0 180.0   5.0 450.0                            LAT/LON1/LON2/DLON/H
   62   58   55   56   58   60   60   60   60   60   59   57   56   55   53   51
   51   54   63   76   88   95   95   93   92   95  100  107  115  125  136  147
  158  167  176  183  190  196  201  206  209  211  213  217  221  226  231  233
  233  230  224  214  201  188  178  171  165  152  136  119  104   91   80   73
   69   67   68   68   67   68   67   65   62
     7.5-180.0 180.0   5.0 450.0                            LAT/LON1/LON2/DLON/H
   58   53   49   47   49   51   52   53   54   55   56   55   55   54   53   50
   49   53   63   76   89   96   96   95   94   97  102  109  117  127  138  148
  157  166  173  180  187  193  198  203  207  210  213  217  221  226  230  232
  230  225  216  205  192  181  173  169  164  153  136  118  103   90   78   70
   66   66   66   67   67   68   67   64   58
     5.0-180.0 180.0   5.0 450.0                            LAT/LON1/LON2/DLON/H
   56   49   43   40   40   42   43   45   47   50   52   52   53   53   51   49
   48   52   63   77   89   97   98   97   97  100  104  110  117  127  137  145
  154  161  168  175  180  186  190  195  201  207  212  216  221  226  230  232
  229  222  211  198  184  173  167  165  161  151  134  117  101   87   76   69
   65   64   64   64   65   65   65   62   56
     2.5-180.0 180.0   5.0 450.0                            LAT/LON1/LON2/DLON/H
   54   47   41   37   36   36   36   37   40   43   46   47   49   50   50   48
   47   51   62   76   90   97   99   99   99  102  106  110  117  125  134  141
  148  154  161  167  172  175  180  185  193  201  207  213  218  225  230  233
  229  219  207  191  175  165  161  160  156  145  130  112   97   85   76   69
   64   63   61   60   60   61   61   59   54
