vscode/rtklib/rtklib/new data/igsg0100.19i
     1.0            IONOSPHERE MAPS     MIX                 IONEX VERSION / TYPE
cmpcmb v1.2          GRL/UWM            25-jan-19 14:32     PGM / RUN BY / DATE 
ionex file containing IGS COMBINED Ionosphere maps          COMMENT             
global ionosphere maps for day 010, 2019                    DESCRIPTION         
IONEX file containing the COMBINED IGS TEC MAPS and DCBs    DESCRIPTION         
      IONEX files of the following IAACs were combined: cod DESCRIPTION         
                                                        jpl DESCRIPTION         
Contact address: Andrzej Krankowski                         DESCRIPTION
                 Geodynamics Research Laboratory            DESCRIPTION
                 University of Warmia and Mazury (GRL/UWM)  DESCRIPTION
                 Oczapowski St. 1                           DESCRIPTION
                 10-957-Olsztyn, POLAND                     DESCRIPTION
                 e-mail:  kand@uwm.edu.pl                   DESCRIPTION
                                                            DESCRIPTION         
  2019     1    10     0     0     0                        EPOCH OF FIRST MAP  
  2019     1    11     0     0     0                        EPOCH OF LAST MAP   
  7200                                                      INTERVAL            
    13                                                      # OF MAPS IN FILE   
  COSZ                                                      MAPPING FUNCTION    
     0.0                                                    ELEVATION CUTOFF    
combined TEC calculated as weighted mean of input TEC valuesOBSERVABLES USED    
   323                                                      # OF STATIONS       
    32                                                      # OF SATELLITES     
  6371.0                                                    BASE RADIUS         
     2                                                      MAP DIMENSION       
   450.0 450.0   0.0                                        HGT1 / HGT2 / DHGT  
    87.5 -87.5  -2.5                                        LAT1 / LAT2 / DLAT  
  -180.0 180.0   5.0                                        LON1 / LON2 / DLON  
    -1                                                      EXPONENT            
TEC values in 0.1 tec units;  9999, if no value available   COMMENT             
DCB values in nanoseconds, reference is Sum_of_SatDCBs = 0  COMMENT             
                                                            END OF HEADER       
[from data line 4719]
    12                                                      START OF TEC MAP    
  2019     1    10    22     0     0                        EPOCH OF CURRENT MAP
    87.5-180.0 180.0   5.0 450.0                            LAT/LON1/LON2/DLON/H
   17   17   17   17   17   17   17   17   16   16   16   16   16   16   16   15
   15   15   15   15   14   14   14   14   14   13   13   13   13   13   13   13
   13   13   13   13   13   13   13   13   14   14   14   14   14   15   15   15
   15   15   16   16   16   16   16   16   16   16   16   17   17   17   17   17
   17   17   17   17   17   17   17   17   17
    85.0-180.0 180.0   5.0 450.0                            LAT/LON1/LON2/DLON/H
   18   18   18   19   19   19   19   19   18   18   18   18   18   18   17   17
   16   16   15   15   14   14   14   13   12   12   11   11   11   11   11   10
   10   11   11   11   11   11   12   12   13   13   13   14   14   15   15   16
   16   16   17   17   17   17   17   17   18   18   18   18   18   18   18   17
   17   17   17   17   18   18   18   18   18
    82.5-180.0 180.0   5.0 450.0                            LAT/LON1/LON2/DLON/H
   19   19   19   20   20   20   20   20   21   21   21   21   21   21   20   19
   19   18   17   17   16   14   13   13   12   11   10   10   10   10   10   10
   10   10   10   10   10   11   11   12   13   13   14   14   15   16   16   17
   17   17   18   18   18   18   19   19   19   19   18   18   18   18   18   18
   18   18   18   18   18   18   18   18   19
    80.0-180.0 180.0   5.0 450.0                            LAT/LON1/LON2/DLON/H
   20   20   21   21   22   22   23   23   23   24   23   24   24   23   23   22
   22   21   20   18   17   16   14   13   12   10   10   10    9    9    9    9
   10   10   10   10   11   11   12   13   13   14   14   15   15   16   17   17
   18   18   19   19   19   19   19   19   19   19   19   18   18   18   18   18
   17   17   17   17   17   18   19   19   20
    77.5-180.0 180.0   5.0 450.0                            LAT/LON1/LON2/DLON/H
   21   21   22   23   24   24   25   25   26   26   26   26   26   27   26   25
   24   23   22   20   19   17   15   13   12   10    9    9    9    9    9   10
   10   10   10   12   12   13   14   14   14   15   15   15   16   16   17   17
   18   18   19   19   19   19   19   19   19   18   18   17   17   16   16   16
   16   16   16   17   17   18   19   20   21
    75.0-180.0 180.0   5.0 450.0                            LAT/LON1/LON2/DLON/H
   22   23   24   25   26   27   27   28   28   29   28   29   28   28   28   27
   27   25   24   22   20   18   16   14   12   11    9    9    9    9    9    9
   10   11   12   13   14   15   15   15   15   15   15   15   15   15   16   16
   17   17   18   18   18   18   18   18   17   17   16   15   15   14   14   14
   14   15   15   16   17   18   20   20   22
    72.5-180.0 180.0   5.0 450.0                            LAT/LON1/LON2/DLON/H
   24   26   27   28   29   30   31   31   31   31   31   31   31   30   29   28
   27   26   24   23   21   19   17   15   13   11   10    9    9    9    9   10
   11   12   13   14   15   16   16   15   15   14   14   14   13   13   14   15
   16   16   17   17   17   17   17   16   15   15   14   13   13   12   12   12
   13   13   14   15   17   19   21   22   24
    70.0-180.0 180.0   5.0 450.0                            LAT/LON1/LON2/DLON/H
   27   29   31   33   34   35   35   35   35   35   34   33   32   31   29   29
   27   26   25   23   22   19   17   15   13   12   11   10   10   10   11   12
   12   13   15   15   16   16   15   14   13   11   11   10   11   12   13   13
   14   15   16   16   17   17   16   15   14   13   13   12   11   11   11   11
   11   12   14   15   17   19   21   24   27
    67.5-180.0 180.0   5.0 450.0                            LAT/LON1/LON2/DLON/H
   30   33   36   38   39   40   41   41   40   39   37   36   34   32   30   28
   27   26   25   23   22   20   17   15   14   13   12   12   12   12   13   13
   14   14   15   15   15   15   13   12   10   10   10   10   10   10   11   13
   14   15   16   17   17   16   16   15   14   13   12   11   11   11   11   11
   12   13   14   15   18   20   23   26   30
    65.0-180.0 180.0   5.0 450.0                            LAT/LON1/LON2/DLON/H
   33   37   41   43   45   46   46   45   45   43   41   39   36   34   31   28
   27   26   25   24   22   19   17   15   14   14   13   13   14   14   15   15
   15   15   15   15   14   13   11   10   10    9    9    9    9   11   12   14
   15   17   18   18   18   17   17   16   14   13   13   12   12   12   12   12
   13   14   15   17   19   21   26   29   33
    62.5-180.0 180.0   5.0 450.0                            LAT/LON1/LON2/DLON/H
   37   41   45   48   50   51   51   51   49   48   45   42   39   36   32   30
   28   27   26   25   23   20   17   15   14   14   15   15   16   16   17   17
   17   16   16   15   14   12   11   10   10   10    9   10   12   14   16   18
   20   20   21   21   20   19   18   17   16   15   14   14   14   14   14   15
   15   16   17   19   21   24   28   32   37
    60.0-180.0 180.0   5.0 450.0                            LAT/LON1/LON2/DLON/H
   41   45   49   52   54   56   56   55   54   52   49   46   42   39   35   33
   31   30   29   27   24   21   18   16   15   16   17   17   18   18   19   19
   19   18   17   16   14   13   12   12   11   12   15   17   19   21   23   25
   25   26   26   25   24   23   21   19   18   17   16   16   16   16   17   17
   18   18   19   21   23   26   31   36   41
    57.5-180.0 180.0   5.0 450.0                            LAT/LON1/LON2/DLON/H
   44   49   53   56   59   59   59   59   57   56   53   50   47   43   40   38
   36   35   33   31   27   23   20   18   18   18   18   19   21   21   21   21
   21   20   20   18   18   18   18   18   20   23   25   28   30   32   33   33
   33   32   31   30   28   26   24   22   21   19   18   18   18   18   19   19
   20   21   22   23   26   30   34   39   44
    55.0-180.0 180.0   5.0 450.0                            LAT/LON1/LON2/DLON/H
   49   54   58   60   63   63   63   62   61   59   58   55   51   48   45   43
   42   40   38   36   32   27   23   21   21   21   22   23   23   24   24   24
   24   24   23   23   24   25   26   29   33   37   40   43   44   44   43   42
   40   39   37   35   34   31   29   26   23   21   20   20   20   20   20   21
   22   23   24   26   29   33   38   43   49
    52.5-180.0 180.0   5.0 450.0                            LAT/LON1/LON2/DLON/H
   54   59   63   65   67   67   67   66   65   64   61   59   56   53   50   49
   47   46   44   41   37   33   29   27   27   27   27   28   27   28   28   28
   28   28   28   30   32   35   38   44   48   53   57   58   58   56   53   50
   47   45   43   41   39   37   34   30   27   24   22   22   21   21   21   22
   23   25   27   29   33   37   42   48   54
    50.0-180.0 180.0   5.0 450.0                            LAT/LON1/LON2/DLON/H
   59   64   68   71   73   73   72   72   70   68   66   64   61   59   56   54
   53   52   51   48   44   40   37   35   34   34   34   34   33   33   32   32
   33   33   35   38   42   46   52   58   64   69   72   72   69   65   61   57
   53   51   50   48   46   43   40   36   32   28   25   23   22   22   22   23
   25   27   29   33   37   41   47   53   59
    47.5-180.0 180.0   5.0 450.0                            LAT/LON1/LON2/DLON/H
   64   69   75   78   80   81   80   78   77   76   74   70   67   64   61   59
   58   57   56   54   51   48   45   43   43   43   43   41   40   39   38   38
   38   39   42   46   51   57   63   71   77   82   83   81   77   71   66   62
   59   57   55   54   53   50   46   42   37   33   29   26   23   23   23   24
   26   29   32   36   40   46   51   58   64
    45.0-180.0 180.0   5.0 450.0                            LAT/LON1/LON2/DLON/H
   68   75   81   86   88   89   88   87   85   83   81   78   74   70   67   64
   63   63   62   60   59   57   55   54   53   52   52   50   48   46   45   44
   43   45   48   53   59   66   73   80   86   90   90   86   81   74   69   65
   63   62   61   60   59   56   52   48   42   37   32   29   26   25   25   26
   28   31   35   40   44   50   55   62   68
    42.5-180.0 180.0   5.0 450.0                            LAT/LON1/LON2/DLON/H
   72   79   86   92   95   97   97   96   94   92   89   86   82   77   73   70
   68   67   68   67   67   66   65   64   63   62   60   58   55   53   51   49
   49   50   54   59   66   72   79   85   90   93   92   87   81   75   70   67
   66   65   65   64   63   60   57   53   48   42   36   32   28   27   27   29
   30   34   38   43   48   54   60   65   72
    40.0-180.0 180.0   5.0 450.0                            LAT/LON1/LON2/DLON/H
   74   82   90   97  102  104  104  103  102  100   97   94   90   85   81   76
   74   74   74   74   75   76   75   74   72   70   68   65   62   59   56   54
   53   55   58   64   70   76   82   86   90   92   90   85   79   74   70   68
   68   68   67   66   64   62   60   56   51   46   40   35   32   31   31   32
   34   37   42   47   52   57   62   68   74
    37.5-180.0 180.0   5.0 450.0                            LAT/LON1/LON2/DLON/H
   75   83   92   99  105  109  110  109  108  106  104  102   99   94   89   84
   81   80   81   82   83   84   84   82   79   76   74   71   67   64   60   58
   57   58   62   68   73   78   82   85   87   88   87   82   77   72   70   69
   69   69   67   65   63   62   60   57   53   48   43   38   35   35   35   36
   38   41   46   51   55   60   65   70   75
    35.0-180.0 180.0   5.0 450.0                            LAT/LON1/LON2/DLON/H
   77   84   92  100  107  111  112  112  111  110  109  108  106  103   98   94
   90   88   89   90   92   93   91   88   83   79   76   73   70   66   63   61
   60   61   65   71   76   79   81   82   83   84   83   79   75   71   69   70
   69   68   65   62   59   58   57   56   53   49   44   40   38   38   39   40
   42   46   50   55   59   64   68   71   77
    32.5-180.0 180.0   5.0 450.0                            LAT/LON1/LON2/DLON/H
   79   85   92  100  106  110  113  114  113  113  113  113  112  111  107  103
   99   97   97   97   99   98   96   91   85   80   76   74   71   68   65   64
   63   65   69   74   78   79   79   79   79   80   79   76   73   70   69   69
   68   65   60   57   54   53   53   52   50   47   43   41   40   41   42   45
   47   51   55   59   64   68   72   75   79
    30.0-180.0 180.0   5.0 450.0                            LAT/LON1/LON2/DLON/H
   85   89   95  101  106  110  113  114  115  115  116  118  119  118  116  112
  108  105  103  104  104  102   97   90   84   78   75   73   71   69   68   67
   68   69   73   77   79   79   78   76   76   76   76   73   70   67   67   66
   64   61   55   51   48   48   47   47   46   44   41   40   41   42   45   49
   52   56   59   64   68   73   77   81   85
    27.5-180.0 180.0   5.0 450.0                            LAT/LON1/LON2/DLON/H
   94   98  102  106  110  114  116  118  120  121  122  124  125  125  124  121
  117  113  110  108  107  103   97   89   81   76   74   73   73   73   74   74
   75   75   77   80   81   80   77   74   73   73   72   70   67   64   63   62
   59   55   49   44   43   42   42   41   41   40   39   38   40   43   47   53
   57   61   65   68   73   79   85   90   94
    25.0-180.0 180.0   5.0 450.0                            LAT/LON1/LON2/DLON/H
  107  111  114  117  120  123  126  128  130  132  132  134  133  133  131  128
  125  120  116  112  108  102   94   86   79   75   75   76   79   81   83   83
   83   82   82   82   81   79   75   71   69   69   68   66   63   60   57   56
   53   49   43   40   38   38   37   36   36   35   35   36   39   44   49   56
   62   67   70   74   80   87   95  102  107
    22.5-180.0 180.0   5.0 450.0                            LAT/LON1/LON2/DLON/H
  123  129  132  134  136  139  143  146  149  150  149  148  146  143  140  137
  132  126  120  114  108  100   92   84   78   77   79   83   88   92   95   95
   92   89   86   84   81   77   71   67   65   64   63   61   58   54   52   49
   47   43   39   36   35   34   34   32   32   32   33   35   39   44   51   58
   67   73   77   81   87   97  107  115  123
    20.0-180.0 180.0   5.0 450.0                            LAT/LON1/LON2/DLON/H
  140  147  152  154  157  161  167  172  175  176  173  168  163  156  151  146
  141  133  125  117  108   99   91   85   82   82   87   94  101  105  108  106
  102   96   89   84   78   73   68   63   61   59   58   56   52   48   46   44
   42   39   36   34   33   33   32   31   30   30   31   34   38   44   52   62
   72   79   84   89   97  107  119  130  140
    17.5-180.0 180.0   5.0 450.0                            LAT/LON1/LON2/DLON/H
  155  163  170  174  179  186  196  204  209  209  204  196  186  175  167  160
  153  144  134  122  110  101   93   89   89   91   98  106  114  119  120  117
  109  100   90   81   75   69   63   60   56   55   53   50   46   43   40   39
   38   36   35   34   33   32   31   30   30   30   31   34   38   46   55   66
   76   86   92   99  107  118  130  143  155
    15.0-180.0 180.0   5.0 450.0                            LAT/LON1/LON2/DLON/H
  166  175  183  189  198  209  222  235  244  245  239  227  213  199  188  179
  171  160  147  132  118  106  100   97   99  103  110  118  125  129  129  123
  114  101   88   78   70   65   59   55   52   50   48   45   42   38   36   35
   35   35   34   33   33   32   31   30   30   31   33   35   39   47   58   70
   81   92  100  109  119  129  141  154  166
    12.5-180.0 180.0   5.0 450.0                            LAT/LON1/LON2/DLON/H
  173  182  190  198  208  223  242  260  273  277  271  259  244  227  214  204
  194  183  168  149  131  117  110  110  112  117  122  129  134  136  133  125
  113  100   87   76   69   63   59   54   50   46   45   42   39   35   34   34
   34   34   34   33   32   32   30   30   31   32   34   36   41   50   61   73
   85   97  108  118  129  139  151  163  173
    10.0-180.0 180.0   5.0 450.0                            LAT/LON1/LON2/DLON/H
  177  185  191  197  209  227  250  272  290  298  295  285  271  256  242  232
  223  212  195  173  151  133  125  124  126  129  131  134  136  136  132  123
  112   99   87   78   71   66   62   56   50   45   43   40   38   35   34   33
   34   34   33   33   32   31   30   31   32   34   35   38   43   53   64   76
   88  101  113  126  137  148  158  168  177
     7.5-180.0 180.0   5.0 450.0                            LAT/LON1/LON2/DLON/H
  180  185  189  193  203  220  243  267  289  302  305  300  290  278  267  259
  252  243  226  202  175  154  143  140  141  140  139  137  135  133  128  121
  111   99   90   83   79   75   69   61   52   46   42   40   38   35   34   34
   34   34   33   32   31   31   31   32   33   34   37   40   46   56   67   79
   90  102  116  131  144  155  164  172  180
     5.0-180.0 180.0   5.0 450.0                            LAT/LON1/LON2/DLON/H
  182  186  186  188  194  207  226  248  270  288  297  300  297  291  284  279
  276  270  254  230  201  177  161  156  155  150  143  138  133  129  125  119
  111  103   98   94   92   87   79   68   57   48   44   41   39   37   36   35
   35   34   32   31   31   31   32   32   34   35   37   41   49   59   70   80
   90  102  118  132  146  158  168  176  182
     2.5-180.0 180.0   5.0 450.0                            LAT/LON1/LON2/DLON/H
  187  190  189  187  188  195  207  224  242  260  274  283  289  290  288  287
  289  287  276  252  223  197  179  171  167  159  148  139  132  128  125  121
  116  111  109  109  107  102   92   77   62   52   46   43   41   39   37   36
   35   34   32   31   31   32   33   34   35   36   38   43   51   61   71   80
   89  100  116  131  146  158  170  180  187
