vscode/rtklib/rtklib/new data/igsg0100.19i
     1.0            IONOSPHERE MAPS     MIX                 IONEX VERSION / TYPE
cmpcmb v1.2          GRL/UWM            25-jan-19 14:32     PGM / RUN BY / DATE 
ionex file containing IGS COMBINED Ionosphere maps          COMMENT             
global ionosphere maps for day 010, 2019                    DESCRIPTION         
IONEX file containing the COMBINED IGS TEC MAPS and DCBs    DESCRIPTION         
      IONEX files of the following IAACs were combined: cod DESCRIPTION         
                                                        jpl DESCRIPTION         
Contact address: Andrzej Krankowski                         DESCRIPTION
                 Geodynamics Research Laboratory            DESCRIPTION
                 University of Warmia and Mazury (GRL/UWM)  DESCRIPTION
                 Oczapowski St. 1                           DESCRIPTION
                 10-957-Olsztyn, POLAND                     DESCRIPTION
                 e-mail:  kand@uwm.edu.pl                   DESCRIPTION
                                                            DESCRIPTION         
  2019     1    10     0     0     0                        EPOCH OF FIRST MAP  
  2019     1    11     0     0     0                        EPOCH OF LAST MAP   
  7200                                                      INTERVAL            
    13                                                      # OF MAPS IN FILE   
  COSZ                                                      MAPPING FUNCTION    
     0.0                                                    ELEVATION CUTOFF    
combined TEC calculated as weighted mean of input TEC valuesOBSERVABLES USED    
   323                                                      # OF STATIONS       
    32                                                      # OF SATELLITES     
  6371.0                                                    BASE RADIUS         
     2                                                      MAP DIMENSION       
   450.0 450.0   0.0                                        HGT1 / HGT2 / DHGT  
    87.5 -87.5  -2.5                                        LAT1 / LAT2 / DLAT  
  -180.0 180.0   5.0                                        LON1 / LON2 / DLON  
    -1                                                      EXPONENT            
TEC values in 0.1 tec units;  9999, if no value available   COMMENT             
DCB values in nanoseconds, reference is Sum_of_SatDCBs = 0  COMMENT             
                                                            END OF HEADER       
[from data line 429]
     2                                                      START OF TEC MAP    
  2019     1    10     2     0     0                        EPOCH OF CURRENT MAP
    87.5-180.0 180.0   5.0 450.0                            LAT/LON1/LON2/DLON/H
   21   21   21   21   22   22   22   22   22   22   22   22   21   21   21   21
   21   21   20   20   20   19   19   19   18   18   18   18   18   18   18   18
   17   17   17   17   17   17   17   17   17   17   16   16   16   16   16   16
   16   16   16   16   17   17   17   17   17   17   17   17   17   17   17   18
   18   18   19   19   20   20   20   21   21
    85.0-180.0 180.0   5.0 450.0                            LAT/LON1/LON2/DLON/H
   22   23   23   24   24   25   25   25   25   25   25   25   24   24   23   22
   22   21   20   20   19   18   18   17   16   16   15   15   15   15   15   15
   15   15   15   15   15   15   15   15   15   15   15   15   15   15   14   14
   14   14   14   14   14   14   14   14   14   14   14   14   14   15   15   16
   16   17   17   18   19   20   21   22   22
    82.5-180.0 180.0   5.0 450.0                            LAT/LON1/LON2/DLON/H
   23   24   25   26   27   27   28   28   28   28   28   27   27   25   25   24
   22   21   19   18   17   16   15   14   13   13   12   12   12   12   12   12
   12   13   13   13   14   14   14   14   14   14   14   13   13   13   13   13
   13   12   12   12   12   12   12   12   12   12   12   12   12   12   13   14
   14   15   16   17   18   20   21   22   23
    80.0-180.0 180.0   5.0 450.0                            LAT/LON1/LON2/DLON/H
   24   25   26   27   28   28   29   29   29   29   29   29   27   27   25   24
   22   20   18   17   15   13   12   11   10    9    9    9    9    9   10   10
   11   11   12   13   13   13   14   14   13   13   13   13   13   12   11   11
   11   11   11   11   11   11   11   11   11   11   11   11   11   12   12   13
   14   15   16   17   19   20   21   22   24
    77.5-180.0 180.0   5.0 450.0                            LAT/LON1/LON2/DLON/H
   24   25   26   27   27   28   28   29   29   29   29   28   27   26   25   23
   22   20   18   16   13   12   10    9    8    7    8    8    8    9    9   10
   11   11   12   13   13   13   13   13   13   13   12   12   11   11   11   11
   10   10   10   10   10   10   10   10   10   11   11   12   13   14   14   15
   16   17   18   19   20   21   22   23   24
    75.0-180.0 180.0   5.0 450.0                            LAT/LON1/LON2/DLON/H
   25   26   26   26   26   27   27   27   27   27   26   26   25   25   24   23
   21   20   18   16   14   12   10    8    8    8    8    8    8    9    9   10
   11   12   12   13   13   13   13   13   13   12   11   11   11   11   10   10
   10   10   10   10   10   10   11   12   13   13   14   15   16   17   18   19
   20   21   22   23   23   24   24   24   25
    72.5-180.0 180.0   5.0 450.0                            LAT/LON1/LON2/DLON/H
   27   27   26   26   25   25   25   24   24   24   23   23   22   22   22   22
   21   20   18   16   14   13   11    9    8    8    8    9    9    9    9   11
   11   12   13   13   13   13   12   12   11   11   11   10   10   10   10   10
   10   10   10   10   10   12   13   14   15   17   18   20   21   23   24   25
   26   27   27   28   28   28   27   27   27
    70.0-180.0 180.0   5.0 450.0                            LAT/LON1/LON2/DLON/H
   30   29   28   27   26   25   23   22   21   20   20   19   19   20   20   20
   20   20   19   17   16   14   13   11   10   10    9    9    9   10   10   11
   12   13   13   13   13   12   11   11   10   10   10   10   10   11   11   11
   10   10   11   12   12   13   15   17   19   21   23   25   26   28   30   32
   33   34   34   34   33   32   32   31   30
    67.5-180.0 180.0   5.0 450.0                            LAT/LON1/LON2/DLON/H
   34   33   31   29   27   26   23   21   19   18   17   16   16   17   18   18
   18   19   18   17   16   15   14   13   12   12   11   11   11   11   11   12
   12   13   13   13   12   11   10   10    9    9    9   10   11   11   12   12
   12   11   12   12   13   15   17   19   22   25   27   29   32   34   36   38
   39   40   40   40   39   38   37   35   34
    65.0-180.0 180.0   5.0 450.0                            LAT/LON1/LON2/DLON/H
   38   37   35   33   31   28   25   22   19   17   16   15   14   15   16   16
   18   18   18   17   16   15   14   14   13   14   13   12   12   11   12   12
   13   13   13   13   12   11    9    8    8    9    9   11   12   12   13   13
   13   12   13   13   14   16   19   22   25   28   31   34   37   39   41   43
   44   45   45   44   43   42   41   40   38
    62.5-180.0 180.0   5.0 450.0                            LAT/LON1/LON2/DLON/H
   43   41   39   37   35   32   28   25   22   19   16   14   14   14   15   16
   16   16   16   15   14   13   13   13   14   15   14   14   13   12   13   13
   14   15   15   15   14   11   10    9    9   10   11   12   13   14   15   15
   14   13   13   14   15   17   21   24   28   31   34   37   40   43   46   48
   48   49   49   47   46   46   45   44   43
    60.0-180.0 180.0   5.0 450.0                            LAT/LON1/LON2/DLON/H
   47   46   44   42   39   36   32   29   25   21   18   15   14   14   14   15
   15   15   14   13   12   11   11   12   14   15   16   15   15   14   14   15
   16   18   18   18   16   14   12   11   11   12   14   16   17   17   17   17
   16   15   15   15   17   19   23   27   30   35   38   41   45   47   50   51
   52   52   51   50   49   49   49   48   47
    57.5-180.0 180.0   5.0 450.0                            LAT/LON1/LON2/DLON/H
   52   51   49   47   44   40   37   33   29   25   21   18   16   15   15   15
   15   14   13   11   10    9   10   11   14   16   18   18   17   16   17   17
   20   21   23   23   21   19   16   16   16   18   19   20   21   21   20   19
   18   17   16   17   18   21   26   30   34   38   42   45   48   52   54   55
   56   55   54   53   52   52   53   53   52
    55.0-180.0 180.0   5.0 450.0                            LAT/LON1/LON2/DLON/H
   58   57   54   51   48   44   41   37   33   28   25   21   19   17   17   16
   15   14   12   10   10   10   10   12   15   18   20   21   21   20   20   21
   24   26   29   29   27   25   22   22   23   25   25   26   26   25   23   22
   21   20   19   20   22   25   29   34   38   43   47   51   54   57   59   60
   59   58   57   55   56   56   57   58   58
    52.5-180.0 180.0   5.0 450.0                            LAT/LON1/LON2/DLON/H
   63   63   60   56   52   48   44   40   36   32   28   25   22   20   19   18
   17   16   13   12   11   12   12   14   18   22   25   26   26   25   25   26
   29   32   35   35   34   32   31   30   30   32   33   33   32   30   28   26
   24   24   24   24   26   29   34   39   44   49   53   57   61   63   65   65
   64   63   61   60   60   61   62   63   63
    50.0-180.0 180.0   5.0 450.0                            LAT/LON1/LON2/DLON/H
   70   69   66   62   58   53   48   43   40   35   32   29   26   23   22   21
   20   19   17   15   14   14   15   19   24   29   32   33   33   31   31   32
   35   38   40   41   41   39   38   38   38   40   40   39   37   34   32   30
   29   29   29   30   32   36   40   45   50   55   60   64   67   69   70   70
   68   67   66   66   66   67   69   70   70
    47.5-180.0 180.0   5.0 450.0                            LAT/LON1/LON2/DLON/H
   76   75   73   69   64   58   53   47   43   39   36   33   30   28   27   25
   25   24   23   22   21   21   23   26   32   37   41   42   42   40   39   39
   41   43   45   47   46   45   44   45   45   47   46   45   41   38   36   35
   34   35   35   37   39   42   47   52   57   62   66   70   73   75   75   74
   72   71   70   71   71   73   75   75   76
    45.0-180.0 180.0   5.0 450.0                            LAT/LON1/LON2/DLON/H
   80   80   79   76   71   64   58   52   47   43   41   38   35   33   31   30
   30   30   31   31   31   31   32   36   41   47   51   53   52   49   47   46
   46   48   49   51   51   50   50   50   51   52   52   49   45   42   40   39
   39   39   41   42   46   49   54   59   64   69   73   76   78   79   77   76
   75   74   74   75   76   77   78   80   80
    42.5-180.0 180.0   5.0 450.0                            LAT/LON1/LON2/DLON/H
   82   83   83   82   77   71   63   57   52   49   47   45   42   40   38   37
   37   38   40   41   43   43   44   47   52   58   62   64   62   58   55   52
   51   52   53   54   54   54   54   55   56   56   55   53   49   46   44   44
   44   45   46   48   51   55   60   65   70   74   77   79   80   80   79   76
   75   75   76   77   78   79   79   81   82
    40.0-180.0 180.0   5.0 450.0                            LAT/LON1/LON2/DLON/H
   81   84   85   85   83   76   68   62   58   55   54   53   50   48   46   45
   45   47   50   53   55   55   55   57   62   67   72   73   72   67   61   57
   55   54   55   56   56   57   58   59   59   59   58   55   53   50   48   47
   47   48   49   51   55   60   65   70   74   77   80   81   81   81   79   77
   76   76   77   78   79   78   78   79   81
    37.5-180.0 180.0   5.0 450.0                            LAT/LON1/LON2/DLON/H
   78   81   85   87   85   80   73   67   63   62   62   62   60   58   55   54
   54   56   60   63   65   65   65   66   70   75   80   81   79   74   67   62
   58   56   56   57   58   59   60   61   61   60   59   58   55   53   52   50
   49   49   51   54   58   63   69   73   77   81   83   84   84   83   81   80
   79   79   80   80   79   77   76   76   78
    35.0-180.0 180.0   5.0 450.0                            LAT/LON1/LON2/DLON/H
   75   78   83   86   86   82   76   71   69   69   70   71   71   68   65   64
   64   65   69   71   73   73   72   73   76   80   84   86   84   78   71   65
   60   58   58   59   60   61   62   62   62   61   61   59   57   55   54   52
   50   49   51   55   60   66   71   76   80   84   87   88   89   90   89   89
   87   87   86   85   83   80   76   74   75
    32.5-180.0 180.0   5.0 450.0                            LAT/LON1/LON2/DLON/H
   76   78   81   84   84   82   78   75   74   75   77   80   80   78   76   73
   73   73   75   77   77   77   75   76   78   82   85   87   85   79   73   67
   62   59   59   60   61   62   62   62   61   60   60   60   59   56   53   51
   48   48   50   54   61   68   73   78   84   88   92   96  100  103  104  105
  103  101   99   97   92   88   82   79   76
    30.0-180.0 180.0   5.0 450.0                            LAT/LON1/LON2/DLON/H
   86   83   83   83   83   82   79   79   79   80   84   87   88   87   84   83
   81   80   79   79   79   78   76   76   78   81   84   85   83   78   73   67
   62   59   58   60   61   61   61   60   59   58   59   59   58   56   52   49
   46   45   48   55   63   70   76   81   86   92   99  107  115  122  127  129
  128  124  120  116  111  104   97   90   86
    27.5-180.0 180.0   5.0 450.0                            LAT/LON1/LON2/DLON/H
  104   96   91   87   85   83   82   83   83   85   88   91   93   92   91   89
   87   85   81   79   77   76   75   75   76   77   79   80   79   76   72   67
   62   59   57   58   59   60   58   56   54   54   54   55   54   52   49   46
   43   43   48   55   65   72   78   84   90   98  109  121  134  145  154  157
  156  152  147  142  137  131  122  113  104
    25.0-180.0 180.0   5.0 450.0                            LAT/LON1/LON2/DLON/H
  132  119  108   99   92   89   88   88   88   89   90   92   94   95   94   93
   91   87   82   78   75   74   73   73   73   73   73   74   74   73   70   66
   61   57   55   55   56   56   53   50   49   48   49   49   49   47   44   41
   40   41   48   57   67   75   82   87   96  106  119  136  153  169  181  186
  185  180  174  170  167  163  155  144  132
    22.5-180.0 180.0   5.0 450.0                            LAT/LON1/LON2/DLON/H
  164  148  131  116  104   98   97   96   94   93   91   92   92   93   94   94
   92   87   81   77   73   72   71   71   69   68   67   68   68   68   67   64
   59   55   52   51   51   50   48   45   42   42   42   42   41   40   38   37
   37   41   49   60   72   80   86   93  102  115  131  150  171  190  203  209
  208  202  197  195  195  194  188  178  164
    20.0-180.0 180.0   5.0 450.0                            LAT/LON1/LON2/DLON/H
  194  177  157  136  121  112  108  106  103   98   93   90   89   90   92   92
   90   86   80   75   72   71   71   69   67   64   62   62   63   63   64   62
   57   52   48   47   46   45   42   39   36   35   34   33   32   33   32   33
   35   41   51   64   75   84   91   99  111  125  143  163  185  204  218  223
  221  216  212  211  215  218  215  207  194
    17.5-180.0 180.0   5.0 450.0                            LAT/LON1/LON2/DLON/H
  217  202  181  159  139  128  122  119  113  105   97   90   87   87   88   88
   87   84   79   74   72   72   71   69   65   61   58   57   58   60   61   60
   55   50   45   43   42   40   37   33   31   29   28   26   26   26   27   30
   34   42   54   68   80   89   97  107  120  136  155  174  194  212  223  226
  224  218  214  216  222  229  230  226  217
    15.0-180.0 180.0   5.0 450.0                            LAT/LON1/LON2/DLON/H
  227  217  199  176  156  143  136  132  125  114  102   91   86   84   84   84
   83   81   77   74   74   73   73   70   65   59   55   54   56   58   59   57
   53   47   42   39   38   37   34   31   28   26   24   22   21   22   24   28
   34   44   57   71   83   93  103  115  131  147  165  182  199  213  221  222
  217  211  209  211  218  225  229  230  227
    12.5-180.0 180.0   5.0 450.0                            LAT/LON1/LON2/DLON/H
  223  220  208  188  169  155  148  143  136  125  110   97   88   83   82   81
   80   79   77   76   76   76   75   71   65   58   54   53   55   57   58   56
   51   45   40   38   37   36   34   31   28   25   22   19   19   20   23   27
   35   46   60   73   86   97  108  122  140  157  173  187  201  211  215  212
  207  201  198  199  205  212  217  221  223
    10.0-180.0 180.0   5.0 450.0                            LAT/LON1/LON2/DLON/H
  213  215  208  193  176  163  157  152  146  135  120  105   92   85   81   79
   78   79   78   79   80   80   78   73   66   60   56   55   56   58   58   56
   50   45   40   38   38   37   36   33   30   27   23   21   19   21   24   28
   36   47   62   75   88   99  113  129  148  165  179  191  201  207  208  203
  196  191  188  187  190  195  200  206  213
     7.5-180.0 180.0   5.0 450.0                            LAT/LON1/LON2/DLON/H
  203  209  205  193  178  166  159  157  153  144  130  113   99   89   83   79
   78   79   80   82   84   84   81   75   67   62   59   59   59   60   59   56
   50   46   41   40   41   41   40   37   34   31   26   23   22   23   25   30
   38   49   63   77   89  102  116  134  153  170  183  193  201  205  205  198
  192  187  184  181  181  182  187  193  203
     5.0-180.0 180.0   5.0 450.0                            LAT/LON1/LON2/DLON/H
  199  206  204  194  180  166  159  158  156  150  138  122  106   95   86   81
   80   80   83   85   88   88   84   77   70   65   64   64   64   63   60   56
   51   46   43   43   44   45   45   43   40   34   30   26   25   26   28   32
   40   51   65   78   91  104  119  138  157  172  185  194  201  206  204  199
  193  191  188  184  182  182  185  191  199
     2.5-180.0 180.0   5.0 450.0                            LAT/LON1/LON2/DLON/H
  209  212  210  198  182  167  158  156  156  153  144  129  114  101   91   84
   82   83   86   88   91   89   85   78   72   69   69   69   68   66   62   56
   51   47   45   45   47   48   48   47   43   38   33   29   28   28   30   34
   42   54   67   80   92  105  120  137  156  171  183  193  202  208  207  204
  201  201  200  197  194  195  199  203  209
