vscode/rtklib/rtklib/new data/igsg0100.19i
     1.0            IONOSPHERE MAPS     MIX                 IONEX VERSION / TYPE
cmpcmb v1.2          GRL/UWM            25-jan-19 14:32     PGM / RUN BY / DATE 
ionex file containing IGS COMBINED Ionosphere maps          COMMENT             
global ionosphere maps for day 010, 2019                    DESCRIPTION         
IONEX file containing the COMBINED IGS TEC MAPS and DCBs    DESCRIPTION         
      IONEX files of the following IAACs were combined: cod DESCRIPTION         
                                                        jpl DESCRIPTION         
Contact address: Andrzej Krankowski                         DESCRIPTION
                 Geodynamics Research Laboratory            DESCRIPTION
                 University of Warmia and Mazury (GRL/UWM)  DESCRIPTION
                 Oczapowski St. 1                           DESCRIPTION
                 10-957-Olsztyn, POLAND                     DESCRIPTION
                 e-mail:  kand@uwm.edu.pl                   DESCRIPTION
                                                            DESCRIPTION         
  2019     1    10     0     0     0                        EPOCH OF FIRST MAP  
  2019     1    11     0     0     0                        EPOCH OF LAST MAP   
  7200                                                      INTERVAL            
    13                                                      # OF MAPS IN FILE   
  COSZ                                                      MAPPING FUNCTION    
     0.0                                                    ELEVATION CUTOFF    
combined TEC calculated as weighted mean of input TEC valuesOBSERVABLES USED    
   323                                                      # OF STATIONS       
    32                                                      # OF SATELLITES     
  6371.0                                                    BASE RADIUS         
     2                                                      MAP DIMENSION       
   450.0 450.0   0.0                                        HGT1 / HGT2 / DHGT  
    87.5 -87.5  -2.5                                        LAT1 / LAT2 / DLAT  
  -180.0 180.0   5.0                                        LON1 / LON2 / DLON  
    -1                                                      EXPONENT            
TEC values in 0.1 tec units;  9999, if no value available   COMMENT             
DCB values in nanoseconds, reference is Sum_of_SatDCBs = 0  COMMENT             
                                                            END OF HEADER       
[from data line 2145]
     6                                                      START OF TEC MAP    
  2019     1    10    10     0     0                        EPOCH OF CURRENT MAP
    87.5-180.0 180.0   5.0 450.0                            LAT/LON1/LON2/DLON/H
   23   23   23   23   23   23   23   23   23   23   23   22   22   22   22   22
   21   21   21   21   21   21   21   21   20   20   20   20   20   20   20   20
   20   20   20   20   20   20   20   20   20   20   20   20   20   20   20   21
   21   21   21   21   21   21   21   21   21   22   22   22   22   22   22   23
   23   23   23   23   23   23   23   23   23
    85.0-180.0 180.0   5.0 450.0                            LAT/LON1/LON2/DLON/H
   24   24   24   24   24   24   23   23   23   22   22   21   21   20   20   20
   20   20   19   19   19   19   19   19   19   19   19   19   19   19   19   19
   19   19   19   19   19   19   19   19   19   19   19   19   19   19   19   19
   19   19   19   19   20   20   20   20   20   21   21   21   21   22   22   23
   23   23   23   23   23   23   24   24   24
    82.5-180.0 180.0   5.0 450.0                            LAT/LON1/LON2/DLON/H
   24   24   24   24   24   24   23   23   22   22   21   21   20   19   19   19
   18   17   17   17   17   17   17   17   17   17   17   17   18   18   18   18
   18   18   18   18   18   18   18   18   18   18   18   17   17   17   17   17
   17   17   17   18   18   18   18   18   19   19   19   20   20   20   21   21
   22   22   22   23   23   24   24   24   24
    80.0-180.0 180.0   5.0 450.0                            LAT/LON1/LON2/DLON/H
   24   24   25   25   25   24   24   24   23   22   21   20   19   18   17   17
   17   16   16   16   16   16   16   16   16   16   17   17   17   17   18   18
   18   18   18   18   18   18   18   18   18   17   17   17   16   16   16   16
   16   16   16   16   16   17   17   17   17   18   18   18   18   19   19   20
   20   21   21   22   22   23   23   24   24
    77.5-180.0 180.0   5.0 450.0                            LAT/LON1/LON2/DLON/H
   24   24   25   25   25   25   24   24   23   22   20   19   18   17   16   16
   16   15   15   15   16   16   16   16   16   17   17   17   17   17   17   18
   18   18   18   18   18   18   18   18   18   18   17   17   17   17   17   16
   16   17   17   16   16   16   16   16   16   16   16   17   17   17   18   18
   19   20   20   21   21   22   22   23   24
    75.0-180.0 180.0   5.0 450.0                            LAT/LON1/LON2/DLON/H
   23   24   24   25   25   25   24   24   22   21   19   18   17   16   16   15
   15   16   16   17   17   17   18   18   18   18   18   17   17   17   17   17
   17   18   18   18   19   19   19   19   19   19   19   19   19   19   19   19
   19   19   18   18   18   17   16   16   15   15   15   15   15   15   16   16
   17   18   19   19   20   20   21   22   23
    72.5-180.0 180.0   5.0 450.0                            LAT/LON1/LON2/DLON/H
   20   21   22   23   23   24   23   23   21   20   18   17   16   16   16   15
   16   17   18   19   19   20   20   20   20   19   19   18   18   17   17   17
   17   18   19   19   20   20   20   21   21   22   22   22   22   23   23   24
   23   23   22   22   21   20   18   17   16   15   14   13   14   14   15   15
   16   16   17   18   18   18   19   20   20
    70.0-180.0 180.0   5.0 450.0                            LAT/LON1/LON2/DLON/H
   17   18   19   20   21   21   21   21   20   18   17   16   16   16   16   16
   17   18   20   21   22   23   23   23   22   21   20   19   18   18   17   17
   18   18   20   20   21   22   23   23   24   25   26   27   28   29   29   29
   29   28   27   27   25   23   21   19   17   15   15   13   14   13   14   14
   15   16   16   16   16   16   17   17   17
    67.5-180.0 180.0   5.0 450.0                            LAT/LON1/LON2/DLON/H
   14   14   16   17   18   19   19   19   18   17   16   16   16   16   16   18
   19   20   21   22   23   24   24   24   23   22   21   19   18   18   17   18
   18   20   21   23   24   25   26   27   28   30   31   33   34   35   36   36
   35   34   32   31   28   26   23   21   18   16   15   14   13   13   14   14
   14   15   15   15   15   14   14   14   14
    65.0-180.0 180.0   5.0 450.0                            LAT/LON1/LON2/DLON/H
   11   11   12   13   15   16   17   17   16   16   15   15   15   16   17   17
   18   19   20   21   22   23   23   23   23   21   19   18   18   17   18   19
   20   22   24   25   27   28   30   31   33   35   38   40   41   42   42   42
   41   39   37   34   31   28   26   23   21   19   17   15   14   13   13   14
   14   15   15   15   14   13   12   11   11
    62.5-180.0 180.0   5.0 450.0                            LAT/LON1/LON2/DLON/H
    9    9   10   11   13   15   16   16   16   15   15   15   15   16   16   17
   17   18   18   19   19   20   20   20   19   19   18   17   17   18   19   21
   24   26   27   29   31   33   34   37   39   42   45   47   49   49   49   48
   46   44   40   37   34   30   28   25   23   21   19   17   15   14   14   14
   14   14   15   14   14   13   12   11    9
    60.0-180.0 180.0   5.0 450.0                            LAT/LON1/LON2/DLON/H
   10   10   10   12   14   15   16   16   15   15   14   15   15   16   16   16
   16   16   16   16   16   16   16   16   16   16   15   16   17   19   21   25
   28   31   33   35   36   38   40   43   46   49   52   55   56   57   55   53
   50   46   43   39   36   33   31   28   27   25   23   20   17   15   15   14
   14   14   15   15   15   14   13   11   10
    57.5-180.0 180.0   5.0 450.0                            LAT/LON1/LON2/DLON/H
   14   14   14   15   16   18   18   18   17   16   16   16   16   16   16   16
   15   15   14   13   12   12   12   13   14   14   14   15   18   21   26   31
   34   38   39   41   43   44   46   49   53   57   61   63   64   63   61   58
   54   50   46   42   39   36   34   32   31   29   26   24   21   18   15   14
   14   14   15   16   16   16   15   15   14
    55.0-180.0 180.0   5.0 450.0                            LAT/LON1/LON2/DLON/H
   20   20   20   20   21   22   22   21   20   19   18   17   17   17   17   16
   16   15   14   12   11   11   11   11   12   13   15   17   20   25   31   37
   42   44   47   48   50   51   53   57   61   66   69   72   72   70   67   63
   58   54   51   47   44   42   40   38   37   35   32   29   25   21   18   16
   16   16   17   17   19   19   20   19   20
    52.5-180.0 180.0   5.0 450.0                            LAT/LON1/LON2/DLON/H
   26   26   27   28   28   28   27   26   24   23   22   21   20   20   19   18
   18   17   16   14   12   11   12   13   14   16   17   19   23   29   36   43
   48   52   54   56   57   58   61   65   69   74   78   80   80   77   73   68
   63   59   56   53   51   49   47   45   43   41   38   35   30   26   22   20
   18   18   19   21   22   23   24   25   26
    50.0-180.0 180.0   5.0 450.0                            LAT/LON1/LON2/DLON/H
   32   33   34   35   35   34   34   32   30   29   27   26   26   25   24   23
   23   23   21   20   17   16   17   18   19   20   21   23   27   34   41   49
   54   58   61   63   65   67   69   73   78   82   86   88   87   84   79   74
   69   66   63   61   59   57   55   52   50   47   44   40   36   31   27   24
   23   22   24   25   27   29   29   31   32
    47.5-180.0 180.0   5.0 450.0                            LAT/LON1/LON2/DLON/H
   37   39   39   40   41   41   40   39   37   36   35   34   32   31   30   30
   31   30   29   28   25   25   24   26   26   26   27   28   32   38   45   53
   60   64   67   70   72   75   78   81   86   90   94   95   93   89   84   80
   75   73   71   69   67   65   63   60   56   54   50   46   42   38   33   30
   28   27   28   30   32   33   34   36   37
    45.0-180.0 180.0   5.0 450.0                            LAT/LON1/LON2/DLON/H
   41   42   43   43   45   45   45   45   44   44   43   43   42   41   40   40
   41   41   40   38   35   34   34   35   35   34   33   33   36   42   49   57
   64   69   73   77   81   84   86   90   93   97  100  101   99   94   89   85
   81   79   78   77   76   74   70   66   62   58   54   51   47   44   40   37
   34   32   33   34   36   37   38   40   41
    42.5-180.0 180.0   5.0 450.0                            LAT/LON1/LON2/DLON/H
   43   44   44   45   46   47   49   49   50   51   52   53   52   52   52   52
   54   54   53   50   46   45   45   45   44   41   39   39   42   46   53   61
   67   73   79   84   89   92   96   98  101  104  105  105  103   98   93   89
   86   84   83   83   81   79   75   70   65   61   57   54   52   49   46   43
   40   38   38   38   39   40   41   43   43
    40.0-180.0 180.0   5.0 450.0                            LAT/LON1/LON2/DLON/H
   44   44   44   44   46   47   50   52   55   58   61   63   63   64   64   66
   67   69   67   62   56   54   54   54   52   48   45   44   46   51   57   64
   71   78   86   93   98  102  105  106  108  109  109  108  105  102   97   94
   90   88   87   86   85   83   78   73   67   63   59   57   56   55   52   49
   46   43   42   41   41   42   42   43   44
    37.5-180.0 180.0   5.0 450.0                            LAT/LON1/LON2/DLON/H
   42   43   42   42   43   46   49   53   57   62   68   72   74   75   76   78
   81   82   78   72   64   61   61   62   59   55   51   50   51   56   61   68
   75   83   92  101  107  111  113  114  114  114  112  111  108  105  101   97
   94   92   90   89   88   85   81   75   69   64   61   60   59   58   57   54
   50   47   45   43   42   42   42   43   42
    35.0-180.0 180.0   5.0 450.0                            LAT/LON1/LON2/DLON/H
   42   41   40   40   41   44   48   53   58   65   73   80   83   85   86   89
   92   92   87   79   70   66   66   67   64   59   56   55   56   60   66   72
   80   89  100  110  117  120  121  121  120  119  117  114  111  109  106  103
  100   97   95   93   91   88   83   78   72   67   64   62   62   62   61   58
   54   50   47   44   42   42   42   42   42
    32.5-180.0 180.0   5.0 450.0                            LAT/LON1/LON2/DLON/H
   41   40   39   40   41   43   46   51   58   67   76   84   89   91   94   98
  100   99   93   82   72   68   68   69   67   63   60   59   62   65   71   77
   85   96  108  118  126  129  129  128  127  124  122  119  117  116  115  112
  110  107  104  101   98   94   90   85   79   73   68   66   65   65   64   61
   58   54   50   47   44   43   42   42   41
    30.0-180.0 180.0   5.0 450.0                            LAT/LON1/LON2/DLON/H
   43   42   41   40   41   43   45   50   57   66   76   85   91   95   98  101
  104  102   95   83   72   67   68   69   68   65   63   63   66   71   76   83
   91  103  116  127  133  136  137  136  134  132  129  126  125  126  127  127
  127  124  119  114  109  105  101   96   89   82   75   71   68   67   66   64
   61   58   54   51   47   45   44   43   43
    27.5-180.0 180.0   5.0 450.0                            LAT/LON1/LON2/DLON/H
   46   45   44   44   44   45   47   50   56   64   74   83   89   93   97  102
  104  102   94   81   70   65   66   68   68   66   65   67   70   76   81   89
   98  110  124  134  140  143  143  143  142  141  139  137  137  140  144  149
  150  148  141  134  126  120  116  111  104   94   85   77   72   69   68   67
   66   63   61   57   54   51   48   47   46
    25.0-180.0 180.0   5.0 450.0                            LAT/LON1/LON2/DLON/H
   51   51   49   48   48   48   49   51   55   62   69   77   83   89   94   98
  101   98   89   77   67   63   64   67   67   66   66   69   74   81   87   95
  105  118  131  141  147  150  151  152  152  152  151  150  152  158  166  174
  178  176  168  157  147  139  134  129  121  109   96   86   78   73   71   71
   71   70   69   66   62   58   55   53   51
    22.5-180.0 180.0   5.0 450.0                            LAT/LON1/LON2/DLON/H
   58   56   55   54   53   52   52   53   56   59   64   69   75   81   88   93
   95   92   83   73   63   61   63   66   67   66   66   70   76   84   93  102
  113  126  138  148  153  156  158  161  163  164  165  165  169  177  187  198
  204  203  194  182  170  161  155  149  139  125  109   95   85   78   75   76
   77   78   77   76   72   68   63   60   58
    20.0-180.0 180.0   5.0 450.0                            LAT/LON1/LON2/DLON/H
   64   62   60   59   57   56   56   56   56   58   59   61   66   73   79   86
   89   86   78   68   60   59   63   66   66   65   66   70   78   88   98  108
  119  133  145  154  159  162  166  170  173  176  179  181  186  195  206  217
  225  226  217  205  192  182  175  168  156  140  123  107   93   85   82   82
   84   85   86   85   81   77   71   67   64
    17.5-180.0 180.0   5.0 450.0                            LAT/LON1/LON2/DLON/H
   68   65   64   61   60   59   59   59   58   57   55   55   58   65   72   79
   82   80   73   64   58   58   62   66   66   64   65   70   79   91  103  114
  126  139  151  160  165  170  174  179  183  189  192  196  201  208  218  230
  238  239  233  223  211  200  192  185  172  155  136  118  104   94   89   89
   91   92   92   91   89   83   77   71   68
    15.0-180.0 180.0   5.0 450.0                            LAT/LON1/LON2/DLON/H
   68   66   64   62   60   60   60   61   60   58   55   52   54   60   67   74
   77   75   69   61   57   58   63   67   65   63   64   70   80   94  107  119
  131  144  156  165  172  178  182  186  192  199  204  208  212  218  224  233
  240  244  242  234  224  214  207  198  185  168  149  131  115  104   98   97
   97   96   96   95   92   87   79   72   68
    12.5-180.0 180.0   5.0 450.0                            LAT/LON1/LON2/DLON/H
   65   62   61   60   58   58   60   61   61   59   55   52   53   58   63   69
   73   71   66   60   57   59   63   66   65   63   63   69   81   96  111  123
  135  147  159  170  178  185  189  193  199  206  213  217  221  222  225  230
  237  242  243  239  231  223  216  208  196  180  161  143  127  115  108  104
  102  100   97   95   93   89   80   71   65
    10.0-180.0 180.0   5.0 450.0                            LAT/LON1/LON2/DLON/H
   61   58   56   54   53   53   56   59   60   58   56   53   54   58   62   67
   69   69   64   59   56   58   62   64   64   61   63   70   81   97  112  125
  137  149  162  173  184  191  195  199  204  211  218  223  225  225  223  225
  231  236  240  239  233  227  221  215  204  189  172  156  140  127  117  111
  106  100   95   93   92   88   79   68   61
     7.5-180.0 180.0   5.0 450.0                            LAT/LON1/LON2/DLON/H
   57   52   50   48   47   47   50   54   56   57   55   55   56   59   62   65
   67   67   64   60   57   56   59   62   61   61   63   71   83   98  113  125
  137  149  163  176  188  196  200  202  207  213  221  227  229  227  224  224
  228  233  237  237  231  227  223  217  209  196  182  168  153  139  126  117
  109  100   93   90   90   87   78   66   57
     5.0-180.0 180.0   5.0 450.0                            LAT/LON1/LON2/DLON/H
   55   49   46   43   41   40   42   46   50   52   53   54   56   59   61   64
   65   66   63   60   56   54   55   58   59   61   65   72   84   98  112  124
  136  148  162  177  189  198  202  204  208  214  221  229  233  233  230  230
  232  235  236  234  229  226  223  220  213  202  191  178  164  149  134  122
  110   99   91   88   89   87   79   66   55
     2.5-180.0 180.0   5.0 450.0                            LAT/LON1/LON2/DLON/H
   58   50   45   41   37   35   35   38   43   46   49   52   54   57   59   60
   62   63   62   60   55   52   52   54   58   62   67   74   85   98  111  122
  132  144  159  175  189  198  201  203  207  212  220  230  238  241  242  243
  244  243  240  234  228  225  224  221  215  206  196  186  173  157  141  125
  111   99   90   88   90   90   83   70   58
