vscode/rtklib/rtklib/new data/igsg0100.19i
     1.0            IONOSPHERE MAPS     MIX                 IONEX VERSION / TYPE
cmpcmb v1.2          GRL/UWM            25-jan-19 14:32     PGM / RUN BY / DATE 
ionex file containing IGS COMBINED Ionosphere maps          COMMENT             
global ionosphere maps for day 010, 2019                    DESCRIPTION         
IONEX file containing the COMBINED IGS TEC MAPS and DCBs    DESCRIPTION         
      IONEX files of the following IAACs were combined: cod DESCRIPTION         
                                                        jpl DESCRIPTION         
Contact address: Andrzej Krankowski                         DESCRIPTION
                 Geodynamics Research Laboratory            DESCRIPTION
                 University of Warmia and Mazury (GRL/UWM)  DESCRIPTION
                 Oczapowski St. 1                           DESCRIPTION
                 10-957-Olsztyn, POLAND                     DESCRIPTION
                 e-mail:  kand@uwm.edu.pl                   DESCRIPTION
                                                            DESCRIPTION         
  2019     1    10     0     0     0                        EPOCH OF FIRST MAP  
  2019     1    11     0     0     0                        EPOCH OF LAST MAP   
  7200                                                      INTERVAL            
    13                                                      # OF MAPS IN FILE   
  COSZ                                                      MAPPING FUNCTION    
     0.0                                                    ELEVATION CUTOFF    
combined TEC calculated as weighted mean of input TEC valuesOBSERVABLES USED    
   323                                                      # OF STATIONS       
    32                                                      # OF SATELLITES     
  6371.0                                                    BASE RADIUS         
     2                                                      MAP DIMENSION       
   450.0 450.0   0.0                                        HGT1 / HGT2 / DHGT  
    87.5 -87.5  -2.5                                        LAT1 / LAT2 / DLAT  
  -180.0 180.0   5.0                                        LON1 / LON2 / DLON  
    -1                                                      EXPONENT            
TEC values in 0.1 tec units;  9999, if no value available   COMMENT             
DCB values in nanoseconds, reference is Sum_of_SatDCBs = 0  COMMENT             
                                                            END OF HEADER       
[from data line 4290]
    11                                                      START OF TEC MAP    
  2019     1    10    20     0     0                        EPOCH OF CURRENT MAP
    87.5-180.0 180.0   5.0 450.0                            LAT/LON1/LON2/DLON/H
   15   15   15   15   15   15   15   15   15   14   14   14   15   15   14   14
   14   13   13   13   13   13   13   13   13   12   12   12   12   12   12   12
   12   12   12   12   12   11   12   12   12   12   12   13   13   13   13   13
   13   13   14   14   14   15   15   15   15   15   15   15   15   15   16   16
   16   16   16   16   16   15   15   15   15
    85.0-180.0 180.0   5.0 450.0                            LAT/LON1/LON2/DLON/H
   17   17   17   17   17   17   17   16   16   17   17   17   16   16   16   16
   16   16   16   15   15   15   15   14   14   14   14   13   13   12   12   12
   12   12   12   12   11   11   11   12   12   12   12   12   13   13   14   14
   14   14   15   16   16   16   16   17   17   18   18   18   18   18   18   18
   18   18   18   18   18   17   17   17   17
    82.5-180.0 180.0   5.0 450.0                            LAT/LON1/LON2/DLON/H
   18   18   18   18   18   18   18   18   18   18   19   19   19   20   20   20
   20   20   20   20   19   18   18   17   16   15   15   15   14   14   13   13
   13   12   12   12   12   12   12   12   13   13   13   13   14   14   15   15
   16   16   16   17   18   18   18   19   19   20   20   20   20   20   20   20
   20   20   20   20   19   19   19   18   18
    80.0-180.0 180.0   5.0 450.0                            LAT/LON1/LON2/DLON/H
   18   18   18   18   18   18   19   20   20   21   22   23   23   24   25   25
   25   25   25   24   23   22   22   21   20   19   18   17   16   16   15   15
   14   14   14   14   14   14   14   14   15   14   14   15   15   15   16   16
   16   17   17   18   19   19   19   20   20   20   21   21   21   21   21   21
   21   20   20   19   19   19   18   18   18
    77.5-180.0 180.0   5.0 450.0                            LAT/LON1/LON2/DLON/H
   17   17   18   18   19   19   20   21   23   24   25   27   28   29   29   30
   31   31   30   30   29   27   26   25   23   22   21   20   19   18   17   17
   16   16   16   16   16   16   16   16   17   16   16   16   16   16   16   16
   17   17   17   18   18   19   19   19   19   19   20   20   20   20   20   20
   20   19   19   19   18   18   18   17   17
    75.0-180.0 180.0   5.0 450.0                            LAT/LON1/LON2/DLON/H
   17   17   17   18   19   20   21   23   25   26   28   30   32   34   35   36
   36   36   35   34   33   32   30   28   27   25   23   22   20   19   18   18
   17   17   17   18   18   18   18   18   17   17   16   16   16   16   15   15
   16   16   16   16   17   17   17   17   17   17   17   17   17   17   17   17
   17   16   16   16   16   16   16   16   17
    72.5-180.0 180.0   5.0 450.0                            LAT/LON1/LON2/DLON/H
   15   17   18   19   20   21   23   24   26   29   32   34   37   39   41   41
   41   41   40   39   37   35   34   32   29   27   25   23   22   20   19   18
   18   17   18   18   18   18   18   18   18   17   16   15   14   14   14   14
   14   14   14   14   14   14   14   14   14   14   14   14   14   14   14   14
   13   13   13   13   13   13   14   15   15
    70.0-180.0 180.0   5.0 450.0                            LAT/LON1/LON2/DLON/H
   16   17   19   20   22   23   25   27   29   33   36   39   42   44   45   46
   46   45   44   42   40   39   37   34   32   30   27   25   23   21   19   18
   17   16   16   16   17   17   17   16   15   14   13   12   12   11   11   11
   11   12   13   13   13   13   13   13   12   12   12   12   12   12   12   11
   11   11   10   10   11   12   13   14   16
    67.5-180.0 180.0   5.0 450.0                            LAT/LON1/LON2/DLON/H
   17   19   21   23   25   27   29   31   33   37   40   43   46   48   49   49
   50   48   47   45   43   41   39   37   35   32   29   27   24   21   19   17
   15   14   14   14   14   14   14   13   12   11   10   10    9    9    9   10
   11   12   12   12   12   12   12   12   12   11   11   11   12   12   12   11
   10   10    9    9   10   11   12   15   17
    65.0-180.0 180.0   5.0 450.0                            LAT/LON1/LON2/DLON/H
   19   22   25   27   30   31   33   35   37   40   43   46   49   51   53   53
   52   51   50   48   46   44   42   40   37   35   32   29   25   22   19   16
   14   13   11   11   11   11   10   10    9    8    8    8    7    8    9   10
   12   13   13   14   14   14   14   13   13   13   13   13   13   14   13   13
   12   11   10    9   10   11   14   16   19
    62.5-180.0 180.0   5.0 450.0                            LAT/LON1/LON2/DLON/H
   22   26   29   32   35   36   37   39   41   43   46   49   52   54   55   56
   55   54   52   50   48   46   44   43   41   38   35   31   27   23   19   17
   14   12   11   10   10   10    9    8    8    7    8    8    9   10   12   13
   15   17   17   17   18   18   17   17   17   16   16   16   16   17   17   16
   16   14   12   12   12   13   16   19   22
    60.0-180.0 180.0   5.0 450.0                            LAT/LON1/LON2/DLON/H
   25   29   34   37   40   41   42   43   45   46   48   51   54   56   58   59
   58   57   55   53   51   49   47   46   44   42   39   35   30   25   21   17
   15   13   12   11   11   11   10   10   10   10   11   13   14   17   18   20
   21   22   22   22   23   23   23   22   21   20   20   20   20   21   21   21
   20   18   16   14   14   15   18   21   25
    57.5-180.0 180.0   5.0 450.0                            LAT/LON1/LON2/DLON/H
   28   33   38   42   45   46   47   48   48   49   51   53   56   58   60   62
   62   61   58   56   53   52   51   50   49   46   43   39   34   29   24   20
   17   15   15   14   14   14   14   15   16   17   20   22   24   26   28   29
   29   30   30   29   29   29   28   27   26   25   24   24   25   25   26   25
   23   21   19   17   16   17   19   23   28
    55.0-180.0 180.0   5.0 450.0                            LAT/LON1/LON2/DLON/H
   31   36   42   46   50   52   53   53   53   53   53   55   57   60   63   65
   65   65   62   59   56   54   54   53   53   52   49   45   40   34   28   24
   21   20   20   19   20   20   21   23   26   28   32   35   37   38   39   40
   39   39   37   36   35   34   34   33   31   29   28   28   28   28   29   28
   26   24   21   19   18   19   21   26   31
    52.5-180.0 180.0   5.0 450.0                            LAT/LON1/LON2/DLON/H
   33   39   45   51   55   58   60   60   59   58   57   58   60   63   66   69
   70   69   66   63   60   58   57   58   57   58   55   51   45   39   33   29
   26   26   26   27   28   29   31   34   38   43   47   50   51   52   51   50
   48   47   44   43   42   41   39   37   35   33   32   31   31   31   31   30
   28   25   22   20   20   21   23   27   33
    50.0-180.0 180.0   5.0 450.0                            LAT/LON1/LON2/DLON/H
   35   42   48   55   60   65   67   68   67   65   64   64   65   67   69   72
   74   73   71   67   64   62   61   62   62   63   61   57   51   44   38   34
   32   32   34   35   37   39   41   46   52   57   62   65   65   64   62   59
   56   54   52   49   47   46   44   42   40   38   35   34   33   32   32   30
   28   25   23   21   21   22   25   30   35
    47.5-180.0 180.0   5.0 450.0                            LAT/LON1/LON2/DLON/H
   38   44   51   58   65   71   76   77   77   75   72   70   70   72   74   76
   77   77   75   72   68   66   66   66   68   68   67   63   56   49   43   39
   38   39   41   44   46   48   52   58   65   72   76   77   77   74   70   66
   63   60   57   55   53   50   49   47   44   42   39   36   35   33   31   30
   28   26   23   22   22   24   28   32   38
    45.0-180.0 180.0   5.0 450.0                            LAT/LON1/LON2/DLON/H
   41   46   53   61   69   77   83   87   87   85   82   80   78   78   79   80
   81   81   80   77   74   72   71   72   74   74   72   67   60   53   47   44
   43   45   49   52   54   57   61   67   75   82   87   88   86   81   76   71
   67   64   62   59   57   55   53   50   48   45   42   39   37   34   32   30
   28   26   24   24   25   27   31   35   41
    42.5-180.0 180.0   5.0 450.0                            LAT/LON1/LON2/DLON/H
   43   49   55   62   72   82   90   95   96   95   93   90   88   86   85   85
   85   86   85   84   81   79   78   79   79   78   76   70   63   56   50   48
   48   51   55   59   61   64   68   74   81   89   94   95   91   85   79   73
   69   66   64   62   60   58   56   54   52   49   46   43   39   36   32   30
   28   27   26   26   27   30   34   39   43
    40.0-180.0 180.0   5.0 450.0                            LAT/LON1/LON2/DLON/H
   47   51   56   64   73   84   93  101  104  105  103  101   98   95   91   90
   89   90   91   91   89   87   86   86   85   83   79   72   65   58   53   51
   52   55   60   64   67   69   72   77   85   93   97   97   93   86   80   73
   69   67   65   63   61   59   58   57   55   52   49   45   41   37   34   32
   30   29   28   28   31   34   38   42   47
    37.5-180.0 180.0   5.0 450.0                            LAT/LON1/LON2/DLON/H
   50   53   57   64   73   84   95  103  109  112  112  111  107  103   99   95
   94   96   97   98   98   96   94   93   91   87   81   74   66   60   55   54
   56   60   65   68   71   72   75   80   86   93   98   97   92   84   78   72
   68   65   64   62   61   59   59   58   57   54   51   48   43   39   36   33
   31   31   31   32   34   38   42   46   50
    35.0-180.0 180.0   5.0 450.0                            LAT/LON1/LON2/DLON/H
   53   56   60   65   73   83   93  103  111  117  120  120  117  112  106  101
   99  101  104  106  106  104  101  100   96   91   83   75   67   61   58   58
   60   64   69   72   74   75   77   80   85   91   95   94   88   81   74   69
   65   63   61   60   59   58   58   57   56   55   53   49   45   41   37   35
   34   33   33   34   37   40   44   49   53
    32.5-180.0 180.0   5.0 450.0                            LAT/LON1/LON2/DLON/H
   57   60   63   67   73   82   92  102  111  119  125  127  125  120  113  106
  104  106  109  111  111  110  107  105  100   94   85   76   69   64   62   63
   66   70   74   76   77   78   78   80   84   88   90   88   82   75   69   65
   61   59   57   56   55   55   55   55   54   53   52   49   45   42   38   36
   36   35   35   36   38   43   48   53   57
    30.0-180.0 180.0   5.0 450.0                            LAT/LON1/LON2/DLON/H
   61   65   67   71   75   82   90   99  110  120  128  133  132  127  120  114
  111  112  115  115  115  113  110  107  103   96   88   79   71   68   68   70
   74   77   80   81   81   80   78   79   81   84   84   81   76   69   64   60
   57   55   53   51   51   52   52   52   51   51   50   47   44   41   39   37
   37   37   37   37   40   44   50   55   61
    27.5-180.0 180.0   5.0 450.0                            LAT/LON1/LON2/DLON/H
   65   70   73   76   78   83   90   99  109  121  131  137  139  136  129  122
  119  119  120  118  115  112  110  109  105   99   90   81   76   74   77   80
   84   86   87   86   84   81   79   78   78   79   78   75   69   64   60   57
   53   50   48   47   47   48   48   48   48   47   47   45   43   40   39   38
   38   38   38   38   41   46   52   59   65
    25.0-180.0 180.0   5.0 450.0                            LAT/LON1/LON2/DLON/H
   71   76   80   83   85   88   94  101  111  123  134  143  146  144  139  133
  129  127  124  119  113  109  108  108  106  102   95   88   83   83   87   92
   96   97   95   92   87   83   78   76   74   74   72   68   62   58   55   53
   50   47   45   43   44   44   45   45   45   44   43   42   41   39   38   38
   39   39   39   40   43   48   56   63   71
    22.5-180.0 180.0   5.0 450.0                            LAT/LON1/LON2/DLON/H
   76   83   88   92   95   98  102  108  117  129  140  149  155  156  153  149
  144  138  130  120  111  106  105  107  109  107  102   97   94   96  100  105
  108  107  102   96   89   82   76   72   69   68   65   62   57   54   52   50
   47   44   42   41   41   43   43   43   42   41   41   40   39   38   38   39
   39   39   39   41   44   51   59   68   76
    20.0-180.0 180.0   5.0 450.0                            LAT/LON1/LON2/DLON/H
   82   90   97  103  107  111  115  121  128  139  150  160  166  169  170  167
  161  152  139  124  111  104  104  108  112  114  113  110  108  109  115  119
  120  116  108   99   89   80   73   67   64   62   60   57   53   51   49   48
   46   43   40   39   40   41   42   41   41   39   39   39   38   38   38   39
   39   40   40   43   47   54   63   73   82
    17.5-180.0 180.0   5.0 450.0                            LAT/LON1/LON2/DLON/H
   88   97  106  114  121  127  132  138  145  154  163  173  181  187  190  188
  182  170  152  133  115  106  106  111  119  125  127  125  123  125  129  131
  130  123  112   99   87   76   68   63   59   57   55   52   49   48   47   47
   44   42   40   39   40   41   41   41   40   39   38   37   37   37   38   39
   39   40   41   45   51   58   68   78   88
    15.0-180.0 180.0   5.0 450.0                            LAT/LON1/LON2/DLON/H
   94  105  116  126  135  143  150  157  164  172  180  189  197  206  211  212
  205  191  170  147  126  114  113  120  130  138  142  141  139  139  141  142
  137  127  113   97   84   72   64   58   55   53   52   49   47   46   45   45
   43   41   40   39   40   41   42   41   39   39   38   38   37   37   38   39
   39   40   42   48   55   64   73   84   94
    12.5-180.0 180.0   5.0 450.0                            LAT/LON1/LON2/DLON/H
  101  113  124  136  147  158  167  175  183  190  198  206  216  226  234  236
  230  216  193  167  145  131  128  134  144  153  158  157  154  152  151  148
  141  129  113   96   81   70   62   57   54   53   51   49   46   44   43   43
   42   41   40   40   40   41   41   40   40   39   39   38   38   38   38   39
   39   39   43   50   59   69   79   89  101
    10.0-180.0 180.0   5.0 450.0                            LAT/LON1/LON2/DLON/H
  106  119  132  146  159  170  180  189  197  204  212  221  233  244  254  258
  254  241  219  194  171  156  150  152  161  168  173  172  167  163  158  153
  144  130  114   97   82   71   64   59   56   55   53   50   47   44   42   42
   41   41   40   40   41   41   41   40   40   39   39   39   39   39   39   38
   37   39   44   53   63   73   83   94  106
     7.5-180.0 180.0   5.0 450.0                            LAT/LON1/LON2/DLON/H
  111  126  140  154  167  179  190  198  205  212  220  231  244  257  269  275
  274  264  246  224  202  186  177  175  178  183  185  183  177  171  165  157
  147  133  117  100   87   78   71   66   62   60   58   54   50   46   43   41
   40   40   40   40   40   40   40   40   40   40   40   40   40   41   39   38
   36   38   44   54   66   76   86   98  111
     5.0-180.0 180.0   5.0 450.0                            LAT/LON1/LON2/DLON/H
  115  130  145  160  174  185  194  201  206  212  220  233  247  262  276  285
  287  281  269  251  233  217  204  197  194  195  195  192  186  179  171  163
  153  138  123  108   97   88   81   76   72   68   64   60   54   49   44   41
   39   39   39   40   40   40   39   39   40   40   41   41   42   42   40   37
   36   37   44   55   67   77   88  100  115
     2.5-180.0 180.0   5.0 450.0                            LAT/LON1/LON2/DLON/H
  116  132  149  165  179  190  197  201  203  206  213  225  241  258  273  285
  290  290  284  273  259  242  228  215  208  204  202  199  194  188  180  172
  161  148  133  120  110  102   94   87   82   76   71   66   61   53   47   42
   39   39   39   41   41   40   40   40   40   41   41   42   42   43   40   37
   35   37   44   55   67   77   88  100  116
