vscode/rtklib-v2/rtklib-v2/new data/igrg0100.19i
     1.0            IONOSPHERE MAPS     MIX                 IONEX VERSION / TYPE
tecrms2ionex_2.awk  GRL/UWM            01/11/19 2001UT      PGM / RUN BY / DATE
Global ionosphere maps for day  10, 2019 (10- 1-2019)       DESCRIPTION
IONEX file containing the COMBINED IGS Ionosphere maps      DESCRIPTION
from the combination of the following IAACs:                DESCRIPTION
esrg                                                        DESCRIPTION
jprg                                                        DESCRIPTION
Contact address: Andrzej Krankowski                         DESCRIPTION
                 Geodynamics Research Laboratory            DESCRIPTION
                 University of Warmia and Mazury (GRL/UWM)  DESCRIPTION
                 Oczapowski St. 1                           DESCRIPTION
                 10-957-Olsztyn, POLAND                     DESCRIPTION
                 e-mail:  kand@uwm.edu.pl                   DESCRIPTION
                                                            DESCRIPTION
  2019     1    10     0     0     0                        EPOCH OF FIRST MAP
  2019     1    11     0     0     0                        EPOCH OF LAST MAP
  7200                                                      INTERVAL
    13                                                      # OF MAPS IN FILE
  COSZ                                                      MAPPING FUNCTION
     0.0                                                    ELEVATION CUTOFF
Combined TEC calculated as weighted mean of input TEC valuesOBSERVABLES USED
   281                                                      # OF STATIONS
     0                                                      # OF SATELLITES
  6371.0                                                    BASE RADIUS
     2                                                      MAP DIMENSION
   450.0 450.0   0.0                                        HGT1 / HGT2 / DHGT
    87.5 -87.5  -2.5                                        LAT1 / LAT2 / DLAT
  -180.0 180.0   5.0                                        LON1 / LON2 / DLON
    -1                                                      EXPONENT
TEC values in  0.1 TECUs; 9999 if no value available        COMMENT
DCB values in nanoseconds, reference is Sum_of_SatDCBs = 0  COMMENT
                                                            END OF HEADER
[from data line 858]
     3                                                      START OF TEC MAP
  2019     1    10     4     0     0                        EPOCH OF CURRENT MAP
    87.5-180.0 180.0   5.0 450.0                            LAT/LON1/LON2/DLON/H
   22   23   23   23   23   23   23   23   23   23   23   22   22   22   22   22
   21   21   21   21   21   20   20   20   20   20   20   20   20   20   20   20
   20   20   20   20   20   20   20   20   20   20   20   20   20   20   20   20
   20   20   20   20   20   20   20   20   20   20   20   20   20   20   20   21
   21   21   21   21   21   22   22   22   22
    85.0-180.0 180.0   5.0 450.0                            LAT/LON1/LON2/DLON/H
   22   22   23   23   24   24   24   24   24   24   23   23   22   22   21   21
   20   19   19   18   17   17   17   17   17   16   16   16   16   17   17   18
   18   18   18   18   19   19   19   19   19   19   19   18   18   18   18   17
   17   17   17   16   16   16   16   16   16   17   17   17   17   17   17   18
   18   19   19   20   20   21   21   21   22
    82.5-180.0 180.0   5.0 450.0                            LAT/LON1/LON2/DLON/H
   21   22   22   23   23   24   24   24   25   24   24   23   23   22   20   19
   18   17   15   14   13   12   12   11   11   11   11   12   13   13   14   15
   15   16   17   17   18   18   18   18   18   17   17   16   16   15   15   15
   14   14   13   13   13   13   13   13   13   13   14   14   14   14   14   15
   16   16   17   17   18   18   19   20   21
    80.0-180.0 180.0   5.0 450.0                            LAT/LON1/LON2/DLON/H
   19   20   21   22   23   23   24   25   25   25   24   23   22   21   19   17
   15   13   11   10    9    8    7    7    7    8    8    9    9   10   11   13
   14   15   16   16   17   17   17   17   16   16   15   14   14   13   13   12
   11   11   11   10   10   10   11   11   11   12   12   12   13   13   14   14
   14   14   15   15   16   17   17   18   19
    77.5-180.0 180.0   5.0 450.0                            LAT/LON1/LON2/DLON/H
   17   18   19   20   21   22   23   24   24   24   23   22   21   20   18   16
   13   11    9    8    7    7    6    6    7    7    8    8    9   10   11   12
   13   14   15   16   16   16   16   16   15   15   14   13   12   11   11   10
   10   10   10   10   10   10   11   11   12   13   14   15   15   15   15   15
   15   15   15   15   15   16   16   17   17
    75.0-180.0 180.0   5.0 450.0                            LAT/LON1/LON2/DLON/H
   16   17   17   18   19   20   21   22   22   22   22   21   21   19   17   15
   12   11   10    9    8    7    7    7    7    8    8    9   10   11   11   13
   14   14   15   15   15   15   15   15   14   13   12   11   11   10   10   10
   10   10   10   11   11   12   14   15   16   17   19   20   20   21   21   20
   19   19   18   17   17   16   16   16   16
    72.5-180.0 180.0   5.0 450.0                            LAT/LON1/LON2/DLON/H
   17   16   17   17   17   18   18   19   19   20   20   19   19   18   17   15
   13   12   11   10    9    8    8    8    8    9    9   10   11   12   12   13
   14   15   15   15   15   14   14   13   13   12   10   10   10   10   10   10
   10   11   11   12   14   16   18   20   23   24   26   27   28   28   28   27
   26   25   23   21   20   19   18   18   17
    70.0-180.0 180.0   5.0 450.0                            LAT/LON1/LON2/DLON/H
   19   18   17   17   16   16   16   16   17   17   17   17   17   17   16   15
   13   13   12   11   10   10    9   10   10   10   11   12   12   13   14   14
   14   14   14   14   14   14   13   12   11   10   10    9    9    9    9   10
   10   11   13   15   18   21   24   27   30   32   34   35   36   36   35   34
   33   31   29   27   25   23   21   20   19
    67.5-180.0 180.0   5.0 450.0                            LAT/LON1/LON2/DLON/H
   22   20   18   18   16   15   14   14   14   14   14   15   15   15   15   15
   14   13   13   12   11   11   11   11   11   12   12   13   14   15   15   14
   14   14   14   13   13   12   11   11   11   10    9    9    8    9    9   10
   11   14   17   20   23   27   30   34   36   39   40   42   43   43   42   41
   39   37   35   32   29   27   25   23   22
    65.0-180.0 180.0   5.0 450.0                            LAT/LON1/LON2/DLON/H
   25   23   21   19   17   16   14   13   12   12   12   12   13   14   15   15
   15   14   14   13   12   11   11   12   12   14   14   15   15   15   15   15
   14   13   12   12   11   11   11   11   10   10    9    9    9    9   10   11
   14   17   21   25   29   33   37   40   42   44   46   47   47   47   47   46
   44   42   39   36   34   31   29   27   25
    62.5-180.0 180.0   5.0 450.0                            LAT/LON1/LON2/DLON/H
   28   27   24   22   20   17   15   13   11   11   11   11   12   13   14   14
   15   15   15   14   13   13   12   13   13   14   15   15   15   15   15   14
   13   13   12   11   10   10   11   11   11   11   11   11   11   11   13   15
   18   22   26   30   35   39   43   45   48   49   50   51   51   50   50   49
   48   46   43   40   37   35   32   30   28
    60.0-180.0 180.0   5.0 450.0                            LAT/LON1/LON2/DLON/H
   31   29   27   25   22   19   17   14   12   11   11   11   12   12   14   14
   15   15   15   14   13   13   12   13   14   15   15   16   16   16   15   15
   14   13   12   11   11   11   11   11   12   13   13   14   14   15   17   20
   23   27   32   37   41   45   48   51   53   54   54   54   53   53   53   53
   51   49   46   43   40   37   35   33   31
    57.5-180.0 180.0   5.0 450.0                            LAT/LON1/LON2/DLON/H
   34   33   31   28   26   22   20   17   14   12   11   12   12   13   14   15
   15   15   15   14   13   12   12   13   15   16   17   17   17   17   17   16
   16   15   14   13   12   12   12   13   14   16   17   18   19   20   23   26
   29   34   39   43   48   52   55   57   59   59   59   59   58   58   58   57
   56   53   50   46   43   39   37   36   34
    55.0-180.0 180.0   5.0 450.0                            LAT/LON1/LON2/DLON/H
   37   35   34   31   29   26   23   20   17   15   14   13   14   14   16   16
   16   16   15   14   13   12   13   15   16   18   19   19   20   20   20   20
   19   18   17   15   14   14   14   15   17   19   21   23   25   26   29   32
   36   41   46   51   56   59   62   64   66   66   65   65   64   63   63   63
   61   59   55   50   47   43   40   39   37
    52.5-180.0 180.0   5.0 450.0                            LAT/LON1/LON2/DLON/H
   41   39   37   35   33   30   27   24   21   19   17   17   17   17   18   19
   19   18   17   16   14   14   15   17   18   20   21   24   25   26   26   25
   24   23   21   20   19   18   18   19   21   24   26   29   31   33   36   39
   43   49   54   59   64   68   71   72   74   74   74   73   73   72   71   70
   68   65   61   56   52   48   45   43   41
    50.0-180.0 180.0   5.0 450.0                            LAT/LON1/LON2/DLON/H
   46   43   41   38   37   34   32   29   26   24   22   22   22   22   22   22
   22   22   20   19   17   17   17   19   22   25   29   31   33   33   33   32
   30   28   27   25   24   22   22   24   26   29   32   35   37   40   43   47
   52   57   62   68   72   76   79   81   82   83   83   82   80   80   79   78
   76   72   67   63   58   54   51   48   46
    47.5-180.0 180.0   5.0 450.0                            LAT/LON1/LON2/DLON/H
   51   48   45   43   41   40   37   34   32   29   28   28   28   28   28   27
   27   26   25   24   23   23   24   27   30   34   38   41   43   43   41   39
   37   35   32   31   29   28   28   29   32   35   39   41   44   47   50   54
   59   65   71   76   81   84   86   88   90   91   91   90   88   87   86   84
   82   79   75   70   66   62   58   55   51
    45.0-180.0 180.0   5.0 450.0                            LAT/LON1/LON2/DLON/H
   57   53   50   48   46   45   43   40   37   35   34   34   35   35   34   34
   33   32   32   32   32   32   34   37   41   45   49   52   53   52   50   46
   43   41   38   36   35   34   34   35   38   42   45   48   50   53   56   61
   66   72   78   83   87   90   92   94   96   97   97   96   94   92   89   88
   86   84   80   76   73   69   65   61   57
    42.5-180.0 180.0   5.0 450.0                            LAT/LON1/LON2/DLON/H
   62   58   55   53   51   50   49   46   43   41   41   42   42   42   42   41
   40   40   40   41   42   44   46   50   54   58   61   63   62   60   57   53
   49   46   43   42   41   40   41   42   45   48   51   54   56   58   62   66
   72   77   83   89   92   95   96   98  100  100  100   99   96   93   91   89
   88   86   84   82   79   76   71   66   62
    40.0-180.0 180.0   5.0 450.0                            LAT/LON1/LON2/DLON/H
   66   62   59   57   56   56   54   52   50   48   48   49   50   50   50   49
   48   49   50   51   53   56   60   63   67   70   72   72   70   67   63   57
   53   50   48   47   46   46   46   48   51   54   56   58   60   62   65   70
   76   81   87   91   95   97   98   99  101  102  102  100   97   94   91   89
   88   88   87   86   84   81   76   70   66
    37.5-180.0 180.0   5.0 450.0                            LAT/LON1/LON2/DLON/H
   68   65   63   61   61   60   59   58   55   54   55   56   58   59   58   58
   57   57   59   61   64   68   71   75   78   80   80   79   76   71   66   60
   56   53   51   51   51   51   51   53   55   57   59   61   62   64   68   73
   78   83   89   93   96   99   99  101  102  104  104  102   99   96   93   91
   91   92   92   91   90   85   79   73   68
    35.0-180.0 180.0   5.0 450.0                            LAT/LON1/LON2/DLON/H
   70   67   65   64   64   64   64   62   60   59   61   63   65   67   67   67
   66   66   67   70   73   77   81   84   86   86   85   82   79   73   68   62
   58   55   53   53   53   53   54   55   57   59   60   60   62   64   68   74
   79   84   90   94   97   99  101  103  105  107  108  107  105  103  101  100
  100  101  101  100   97   91   82   75   70
    32.5-180.0 180.0   5.0 450.0                            LAT/LON1/LON2/DLON/H
   73   69   67   66   66   67   66   65   64   64   65   68   72   74   75   75
   74   73   74   76   78   83   86   89   90   88   86   82   78   73   68   63
   59   56   55   54   54   55   55   55   56   57   58   58   60   64   69   74
   80   85   91   96   99  102  104  107  111  115  117  118  119  119  119  119
  117  117  116  114  108   99   89   79   73
    30.0-180.0 180.0   5.0 450.0                            LAT/LON1/LON2/DLON/H
   78   73   70   69   69   68   68   67   66   67   69   72   77   81   82   83
   81   79   79   79   80   84   88   90   89   87   83   80   76   72   67   62
   59   57   55   54   53   53   52   52   52   53   54   55   58   62   68   75
   81   87   92   98  102  106  110  115  121  127  132  135  138  142  146  147
  144  141  138  134  126  113   99   86   78
    27.5-180.0 180.0   5.0 450.0                            LAT/LON1/LON2/DLON/H
   88   80   75   72   70   70   69   68   67   68   71   75   81   85   87   88
   86   84   81   79   78   81   85   87   85   83   79   76   73   69   65   61
   59   56   54   52   50   49   48   47   47   48   48   50   55   61   68   76
   83   89   95  101  107  113  118  126  134  142  150  156  162  170  177  179
  176  171  166  160  150  134  116  100   88
    25.0-180.0 180.0   5.0 450.0                            LAT/LON1/LON2/DLON/H
  103   91   83   78   74   72   71   69   68   69   71   76   81   86   89   90
   89   85   81   77   75   76   80   81   80   77   74   71   69   66   63   60
   58   55   52   49   46   44   42   42   42   42   43   46   52   60   69   78
   86   93  100  106  114  121  129  138  149  159  168  176  185  197  207  211
  206  200  194  187  176  158  138  118  103
    22.5-180.0 180.0   5.0 450.0                            LAT/LON1/LON2/DLON/H
  122  106   94   86   81   76   73   70   68   69   72   76   81   85   89   89
   88   84   79   74   70   71   74   75   74   71   68   66   65   63   61   58
   55   52   49   45   41   39   37   36   36   37   39   44   51   60   71   81
   90   98  105  113  122  130  141  151  163  174  184  193  203  217  230  234
  229  222  217  212  200  183  162  140  122
    20.0-180.0 180.0   5.0 450.0                            LAT/LON1/LON2/DLON/H
  142  123  108   96   89   82   77   72   70   70   72   75   80   83   85   86
   85   81   76   70   66   66   68   69   68   65   63   62   61   60   58   56
   54   50   46   41   37   35   33   32   32   34   37   43   51   62   74   86
   95  104  112  121  131  141  152  164  175  187  196  204  214  227  240  244
  239  233  230  227  219  204  183  162  142
    17.5-180.0 180.0   5.0 450.0                            LAT/LON1/LON2/DLON/H
  160  139  122  109   99   90   83   77   73   72   73   75   78   80   81   81
   80   77   72   66   63   62   64   65   63   60   59   58   57   56   55   54
   51   48   43   38   35   32   31   31   31   32   36   43   54   66   79   91
  101  111  120  131  141  152  163  174  185  195  203  209  217  228  238  241
  235  231  230  230  227  216  200  180  160
    15.0-180.0 180.0   5.0 450.0                            LAT/LON1/LON2/DLON/H
  173  154  136  122  110  100   90   83   77   75   75   77   77   78   77   76
   75   73   69   64   61   61   62   61   59   57   56   55   54   54   53   51
   49   45   41   36   33   32   32   31   31   33   37   45   57   70   83   96
  107  117  128  139  151  162  173  183  192  201  206  211  216  224  230  230
  224  219  220  224  225  219  208  192  173
    12.5-180.0 180.0   5.0 450.0                            LAT/LON1/LON2/DLON/H
  182  165  148  134  121  110   98   89   83   79   79   79   79   77   75   72
   71   69   67   64   62   62   62   61   59   56   54   53   52   51   51   49
   46   43   39   35   34   33   33   32   32   34   38   48   60   74   88  101
  112  123  135  147  159  170  180  188  196  203  208  210  213  217  220  217
  210  205  207  212  215  215  209  197  182
    10.0-180.0 180.0   5.0 450.0                            LAT/LON1/LON2/DLON/H
  186  171  157  144  131  118  106   96   88   84   82   82   81   78   74   70
   68   68   67   65   65   65   65   63   60   57   54   52   51   50   49   47
   45   41   38   35   35   35   35   35   34   35   40   50   64   78   92  104
  116  128  140  153  165  176  185  192  198  204  208  211  213  215  214  209
  201  195  195  200  205  208  206  198  186
     7.5-180.0 180.0   5.0 450.0                            LAT/LON1/LON2/DLON/H
  189  176  165  152  140  126  112  101   92   87   85   85   83   80   74   69
   67   67   68   69   70   70   69   67   63   60   56   53   51   50   48   47
   44   40   37   36   36   37   38   37   36   37   42   52   66   80   94  107
  118  130  144  157  169  179  187  194  199  204  209  214  218  219  216  211
  202  194  191  193  198  202  202  197  189
     5.0-180.0 180.0   5.0 450.0                            LAT/LON1/LON2/DLON/H
  191  181  170  159  146  131  117  104   95   89   87   86   85   81   75   69
   67   68   71   73   75   75   74   71   68   63   58   54   52   50   49   47
   43   40   37   36   37   39   39   38   38   39   44   54   67   81   95  107
  119  131  145  158  170  180  188  194  200  204  211  219  225  227  226  221
  213  204  197  196  198  201  202  198  191
     2.5-180.0 180.0   5.0 450.0                            LAT/LON1/LON2/DLON/H
  194  185  175  164  151  135  120  106   96   90   87   86   85   81   75   69
   68   70   74   76   79   78   77   74   71   66   60   56   53   51   49   47
   43   40   38   37   38   39   40   40   39   40   45   56   68   81   94  107
  119  131  144  158  169  179  187  194  199  205  213  224  234  239  240  238
  233  223  213  207  207  208  206  202  194
