vscode/rtklib-v2/rtklib-v2/new data/igrg0100.19i
     1.0            IONOSPHERE MAPS     MIX                 IONEX VERSION / TYPE
tecrms2ionex_2.awk  GRL/UWM            01/11/19 2001UT      PGM / RUN BY / DATE
Global ionosphere maps for day  10, 2019 (10- 1-2019)       DESCRIPTION
IONEX file containing the COMBINED IGS Ionosphere maps      DESCRIPTION
from the combination of the following IAACs:                DESCRIPTION
esrg                                                        DESCRIPTION
jprg                                                        DESCRIPTION
Contact address: Andrzej Krankowski                         DESCRIPTION
                 Geodynamics Research Laboratory            DESCRIPTION
                 University of Warmia and Mazury (GRL/UWM)  DESCRIPTION
                 Oczapowski St. 1                           DESCRIPTION
                 10-957-Olsztyn, POLAND                     DESCRIPTION
                 e-mail:  kand@uwm.edu.pl                   DESCRIPTION
                                                            DESCRIPTION
  2019     1    10     0     0     0                        EPOCH OF FIRST MAP
  2019     1    11     0     0     0                        EPOCH OF LAST MAP
  7200                                                      INTERVAL
    13                                                      # OF MAPS IN FILE
  COSZ                                                      MAPPING FUNCTION
     0.0                                                    ELEVATION CUTOFF
Combined TEC calculated as weighted mean of input TEC valuesOBSERVABLES USED
   281                                                      # OF STATIONS
     0                                                      # OF SATELLITES
  6371.0                                                    BASE RADIUS
     2                                                      MAP DIMENSION
   450.0 450.0   0.0                                        HGT1 / HGT2 / DHGT
    87.5 -87.5  -2.5                                        LAT1 / LAT2 / DLAT
  -180.0 180.0   5.0                                        LON1 / LON2 / DLON
    -1                                                      EXPONENT
TEC values in  0.1 TECUs; 9999 if no value available        COMMENT
DCB values in nanoseconds, reference is Sum_of_SatDCBs = 0  COMMENT
                                                            END OF HEADER
[from data line 3861]
    10                                                      START OF TEC MAP
  2019     1    10    18     0     0                        EPOCH OF CURRENT MAP
    87.5-180.0 180.0   5.0 450.0                            LAT/LON1/LON2/DLON/H
   16   16   16   16   16   16   17   17   17   17   17   17   17   18   18   18
   18   18   18   18   19   19   19   18   18   18   18   18   18   18   18   17
   17   17   17   17   17   17   16   16   16   16   16   16   16   16   16   16
   16   16   16   16   16   16   16   16   16   16   16   16   16   16   16   16
   16   16   16   16   16   16   16   16   16
    85.0-180.0 180.0   5.0 450.0                            LAT/LON1/LON2/DLON/H
   16   16   16   16   16   16   16   17   17   18   18   19   19   20   20   21
   21   22   22   22   22   22   23   22   22   22   21   21   20   20   19   19
   18   18   17   17   17   16   16   16   16   16   16   16   16   16   16   16
   16   16   17   17   17   17   17   17   17   17   17   18   17   17   17   17
   17   17   17   16   16   16   16   16   16
    82.5-180.0 180.0   5.0 450.0                            LAT/LON1/LON2/DLON/H
   16   16   16   16   16   16   16   17   17   18   19   20   21   23   24   25
   26   27   27   28   28   28   28   27   27   25   25   24   22   21   21   20
   19   18   17   17   16   16   16   16   16   16   16   15   16   16   16   16
   17   17   17   17   17   17   18   18   18   19   18   19   18   19   18   18
   18   18   18   18   17   17   16   16   16
    80.0-180.0 180.0   5.0 450.0                            LAT/LON1/LON2/DLON/H
   16   15   15   15   15   15   15   16   17   18   19   21   23   25   27   29
   31   32   33   34   34   34   33   32   31   29   28   26   24   22   21   20
   18   17   17   16   16   16   16   16   15   15   15   16   15   15   16   16
   16   16   17   17   17   18   18   18   19   19   19   19   19   19   19   19
   19   19   18   18   18   17   17   16   16
    77.5-180.0 180.0   5.0 450.0                            LAT/LON1/LON2/DLON/H
   16   15   15   14   14   14   14   15   15   17   19   21   24   27   30   33
   36   38   40   40   41   40   39   37   35   32   30   27   25   22   20   19
   17   16   16   15   15   15   15   15   15   15   15   15   14   15   15   15
   15   15   16   16   16   17   17   18   18   18   18   18   18   19   18   19
   18   19   19   18   18   18   17   17   16
    75.0-180.0 180.0   5.0 450.0                            LAT/LON1/LON2/DLON/H
   16   15   14   13   13   12   12   13   14   16   18   22   25   29   33   37
   40   43   45   46   46   45   44   41   38   35   31   28   24   22   19   17
   15   14   14   14   13   14   14   14   14   14   14   13   13   13   13   13
   14   14   14   14   15   15   15   16   16   16   16   16   16   16   16   17
   17   17   17   17   18   17   17   16   16
    72.5-180.0 180.0   5.0 450.0                            LAT/LON1/LON2/DLON/H
   15   14   13   12   11   11   11   12   13   15   18   22   26   30   35   40
   44   47   50   51   51   50   48   45   41   37   32   28   24   21   17   16
   13   12   12   12   12   12   12   12   12   12   12   11   11   12   12   12
   13   13   13   13   13   13   13   14   14   14   14   14   14   14   14   14
   15   15   16   16   16   16   16   15   15
    70.0-180.0 180.0   5.0 450.0                            LAT/LON1/LON2/DLON/H
   14   13   12   11   11   10   10   11   13   15   18   23   27   32   38   42
   47   51   53   55   55   53   51   47   43   39   35   30   25   21   18   15
   12   11   10   10    9   10   10   10   10   10    9    9   10   10   11   11
   11   12   12   12   12   13   13   13   13   13   13   12   12   12   12   12
   13   14   15   15   15   15   15   15   14
    67.5-180.0 180.0   5.0 450.0                            LAT/LON1/LON2/DLON/H
   13   12   12   11   11   11   11   13   14   17   20   24   29   34   39   45
   49   53   56   57   57   56   53   50   46   42   37   32   28   23   19   16
   13   11    9    8    8    8    8    8    8    7    8    8    9    9   10   10
   11   11   12   13   14   14   14   15   14   14   13   12   12   12   12   13
   13   13   14   14   14   15   14   14   13
    65.0-180.0 180.0   5.0 450.0                            LAT/LON1/LON2/DLON/H
   13   12   11   12   12   13   14   15   18   20   24   28   32   37   42   47
   52   56   58   59   59   57   55   52   48   45   41   37   32   28   23   18
   15   12    9    8    7    7    7    7    7    7    7    8    8    9   10   10
   12   13   15   16   17   18   19   19   18   17   16   15   15   15   14   15
   15   15   15   16   15   15   14   13   13
    62.5-180.0 180.0   5.0 450.0                            LAT/LON1/LON2/DLON/H
   13   13   13   13   14   16   18   20   23   25   28   32   36   40   45   49
   53   57   59   61   60   58   56   53   51   48   46   42   38   33   28   23
   19   14   11    9    8    7    7    7    8    8    8    9   10   12   13   15
   17   18   20   21   23   24   24   24   24   22   21   20   20   20   20   20
   20   19   19   18   17   17   16   15   13
    60.0-180.0 180.0   5.0 450.0                            LAT/LON1/LON2/DLON/H
   16   15   15   16   17   20   22   25   28   31   34   37   41   44   48   52
   56   59   61   62   61   59   57   55   53   52   50   48   44   39   34   28
   23   18   14   12   10    9    9    9   11   11   13   15   17   19   21   23
   24   26   27   29   30   31   32   31   31   29   28   27   27   27   26   27
   26   25   24   23   21   20   19   17   16
    57.5-180.0 180.0   5.0 450.0                            LAT/LON1/LON2/DLON/H
   19   18   18   19   21   24   27   30   34   37   40   43   46   48   51   55
   59   61   63   64   63   61   58   56   55   55   54   52   49   45   40   35
   29   24   20   16   14   14   14   15   17   19   22   24   27   29   31   32
   33   35   36   37   38   40   40   40   39   37   35   34   34   34   34   34
   33   32   30   28   27   24   23   21   19
    55.0-180.0 180.0   5.0 450.0                            LAT/LON1/LON2/DLON/H
   23   23   23   24   25   28   32   36   39   43   46   49   51   53   55   58
   61   63   65   66   65   63   60   59   58   58   58   56   53   50   46   41
   35   30   25   22   20   20   21   24   27   30   33   36   38   40   42   43
   44   45   45   45   46   47   47   47   46   44   43   42   41   41   41   41
   39   38   36   34   32   30   27   25   23
    52.5-180.0 180.0   5.0 450.0                            LAT/LON1/LON2/DLON/H
   29   27   28   29   30   33   37   40   45   49   52   54   56   58   60   62
   64   66   68   69   68   66   63   62   61   61   61   60   57   54   50   46
   41   36   32   29   27   28   30   34   38   42   46   48   51   52   54   54
   54   54   54   53   54   54   54   53   52   50   49   48   47   47   47   46
   45   42   40   39   37   35   33   31   29
    50.0-180.0 180.0   5.0 450.0                            LAT/LON1/LON2/DLON/H
   34   33   33   34   36   38   42   46   51   55   58   61   62   63   64   66
   68   69   71   72   72   69   67   66   65   65   64   63   60   57   54   51
   47   43   39   37   35   37   40   45   50   54   58   61   63   63   64   64
   63   63   61   61   60   60   59   58   57   55   53   53   52   51   50   49
   48   46   44   43   41   39   38   35   34
    47.5-180.0 180.0   5.0 450.0                            LAT/LON1/LON2/DLON/H
   38   37   38   39   42   44   47   52   56   61   65   68   70   71   71   71
   72   73   75   76   76   75   73   71   70   69   68   66   63   60   58   55
   52   48   46   44   44   45   49   55   61   66   69   72   73   73   73   72
   71   69   68   66   65   65   63   62   61   59   57   56   55   53   52   51
   49   48   46   46   44   43   41   39   38
    45.0-180.0 180.0   5.0 450.0                            LAT/LON1/LON2/DLON/H
   40   40   41   44   47   49   53   57   62   68   73   77   78   79   79   78
   78   78   79   80   81   80   79   78   76   75   73   70   66   63   61   58
   56   53   52   51   51   53   57   64   70   75   78   80   80   80   79   78
   76   74   73   70   69   68   67   65   64   61   59   58   56   55   53   52
   50   49   48   47   46   45   43   41   40
    42.5-180.0 180.0   5.0 450.0                            LAT/LON1/LON2/DLON/H
   41   42   44   47   51   54   58   63   69   75   80   85   88   89   88   86
   84   84   84   85   87   87   87   85   83   81   78   74   70   67   64   62
   60   58   57   57   58   60   64   70   76   81   85   86   85   85   83   82
   79   77   75   73   72   70   69   67   66   63   61   59   57   55   53   52
   50   49   49   48   48   46   45   43   41
    40.0-180.0 180.0   5.0 450.0                            LAT/LON1/LON2/DLON/H
   41   42   45   50   54   58   62   67   73   81   88   94   99  100   99   96
   93   91   90   91   93   94   94   93   90   87   84   79   75   71   67   65
   63   62   62   62   63   66   70   76   81   86   89   90   89   87   85   83
   80   78   75   73   72   71   70   69   67   64   62   60   57   56   53   52
   49   49   48   49   48   47   45   43   41
    37.5-180.0 180.0   5.0 450.0                            LAT/LON1/LON2/DLON/H
   41   41   45   51   56   60   65   70   78   86   94  102  108  110  109  105
  102   99   97   98   99  101  101   99   97   94   90   85   80   75   72   69
   67   66   67   67   68   71   74   80   85   89   91   91   90   87   85   82
   80   76   73   72   70   70   70   69   67   65   62   60   58   55   53   51
   50   49   48   48   48   47   45   43   41
    35.0-180.0 180.0   5.0 450.0                            LAT/LON1/LON2/DLON/H
   41   41   45   51   57   62   67   73   81   90   99  108  115  118  117  115
  111  107  105  104  106  107  107  105  102   99   95   91   85   81   77   74
   72   71   71   72   73   75   79   83   87   91   92   91   89   86   84   80
   77   74   71   69   68   68   68   67   66   65   63   61   58   56   54   52
   50   49   48   48   48   47   45   42   41
    32.5-180.0 180.0   5.0 450.0                            LAT/LON1/LON2/DLON/H
   41   40   44   51   58   63   68   75   83   92  102  111  119  123  124  122
  119  116  113  111  112  112  111  109  105  103   99   96   92   88   83   80
   78   77   76   77   79   80   83   86   89   91   92   90   87   84   81   77
   73   70   67   65   65   65   65   65   65   63   62   61   59   57   55   53
   51   50   49   48   48   47   45   42   41
    30.0-180.0 180.0   5.0 450.0                            LAT/LON1/LON2/DLON/H
   41   41   45   52   59   65   71   77   85   93  103  112  120  125  127  127
  125  122  119  117  116  115  113  110  107  105  103  101   99   95   91   88
   85   83   83   84   85   86   86   88   90   91   90   88   85   81   78   74
   70   66   64   62   61   61   62   62   61   61   61   60   59   57   55   54
   52   50   49   48   47   46   45   42   41
    27.5-180.0 180.0   5.0 450.0                            LAT/LON1/LON2/DLON/H
   41   42   47   54   62   69   74   80   86   94  103  111  118  124  128  129
  129  127  124  121  119  116  113  110  108  107  107  107  106  104  101   97
   94   92   92   92   93   92   90   90   90   90   89   85   82   78   74   70
   66   63   60   59   58   59   58   58   58   58   58   58   58   56   55   54
   52   50   48   47   46   45   43   42   41
    25.0-180.0 180.0   5.0 450.0                            LAT/LON1/LON2/DLON/H
   42   45   50   58   67   74   79   84   89   95  102  109  116  121  126  129
  131  129  127  123  119  116  112  110  110  111  113  115  116  115  113  108
  105  103  102  102  100   98   93   91   89   88   86   83   79   76   72   67
   64   61   58   57   56   56   55   54   54   55   55   56   55   54   52   51
   50   48   47   45   44   43   43   42   42
    22.5-180.0 180.0   5.0 450.0                            LAT/LON1/LON2/DLON/H
   43   47   54   63   73   80   86   90   93   98  103  108  113  119  124  128
  131  130  127  123  118  115  113  112  114  117  121  124  127  128  126  122
  118  115  113  112  108  102   96   91   88   86   84   80   77   73   70   66
   63   60   58   56   55   54   53   52   51   51   52   52   51   50   49   48
   47   46   44   42   41   41   42   42   43
    20.0-180.0 180.0   5.0 450.0                            LAT/LON1/LON2/DLON/H
   44   49   58   68   79   87   93   97  100  103  106  109  114  119  124  129
  132  130  127  122  118  116  116  118  122  128  133  136  140  142  141  137
  132  128  124  121  115  107   98   91   87   84   81   79   76   73   69   66
   62   60   58   55   54   52   51   49   49   48   48   48   47   46   45   44
   43   42   41   39   39   39   40   41   44
    17.5-180.0 180.0   5.0 450.0                            LAT/LON1/LON2/DLON/H
   44   51   62   73   85   94  100  105  107  110  113  115  119  123  129  134
  135  133  128  123  120  120  123  128  135  142  147  151  155  156  156  152
  146  141  135  129  120  110   99   91   86   83   81   78   76   73   69   66
   64   60   58   55   53   51   50   49   47   46   45   44   43   41   40   40
   39   38   37   36   36   37   38   40   44
    15.0-180.0 180.0   5.0 450.0                            LAT/LON1/LON2/DLON/H
   43   52   64   77   89   99  107  112  116  120  123  126  129  134  139  143
  144  140  134  130  128  130  136  144  153  160  164  167  169  171  170  165
  159  151  144  135  125  112  100   91   86   83   81   80   77   74   71   67
   64   61   58   55   52   51   50   49   47   45   43   41   39   37   36   36
   35   35   35   35   35   35   37   39   43
    12.5-180.0 180.0   5.0 450.0                            LAT/LON1/LON2/DLON/H
   43   52   66   79   92  103  112  119  125  131  135  140  145  151  156  159
  159  154  147  143  142  146  154  163  172  180  182  183  183  184  182  177
  170  162  152  142  129  115  102   93   88   86   85   83   81   77   73   69
   65   62   59   55   52   51   50   50   48   46   42   39   36   34   33   33
   33   33   34   34   34   34   36   38   43
    10.0-180.0 180.0   5.0 450.0                            LAT/LON1/LON2/DLON/H
   42   52   66   80   93  105  115  125  134  142  149  155  163  171  177  180
  179  173  167  163  164  169  177  186  194  198  198  196  195  194  192  188
  181  171  161  149  135  120  106   97   93   92   91   89   85   80   76   71
   67   64   59   55   52   51   51   51   50   47   43   39   36   34   33   32
   33   33   34   34   34   35   35   37   42
     7.5-180.0 180.0   5.0 450.0                            LAT/LON1/LON2/DLON/H
   41   52   66   80   93  105  118  130  141  151  160  169  179  190  198  202
  201  196  191  189  191  196  203  210  214  215  213  208  205  202  201  197
  191  182  172  160  145  128  113  104   99   98   97   95   90   84   78   73
   69   65   61   56   52   51   52   53   52   50   45   40   36   34   34   33
   34   35   35   36   35   35   35   36   41
     5.0-180.0 180.0   5.0 450.0                            LAT/LON1/LON2/DLON/H
   41   52   66   80   92  106  120  133  146  158  169  181  193  205  215  219
  220  217  215  215  219  223  228  231  232  229  224  218  213  211  210  207
  203  196  187  174  158  139  123  113  107  106  105  101   94   87   81   76
   72   68   63   58   53   52   53   54   55   52   48   43   39   37   36   36
   37   38   38   38   37   36   35   36   41
     2.5-180.0 180.0   5.0 450.0                            LAT/LON1/LON2/DLON/H
   42   53   67   80   93  106  122  137  150  163  175  186  199  213  223  229
  232  233  235  238  242  247  248  248  245  240  233  226  222  220  219  219
  217  212  203  190  172  152  134  121  115  112  110  105   98   90   84   78
   75   71   66   60   55   53   55   56   57   55   51   46   43   40   39   39
   40   41   41   40   38   37   35   36   42
