vscode/rtklib-v2/rtklib-v2/new data/igrg0100.19i
     1.0            IONOSPHERE MAPS     MIX                 IONEX VERSION / TYPE
tecrms2ionex_2.awk  GRL/UWM            01/11/19 2001UT      PGM / RUN BY / DATE
Global ionosphere maps for day  10, 2019 (10- 1-2019)       DESCRIPTION
IONEX file containing the COMBINED IGS Ionosphere maps      DESCRIPTION
from the combination of the following IAACs:                DESCRIPTION
esrg                                                        DESCRIPTION
jprg                                                        DESCRIPTION
Contact address: Andrzej Krankowski                         DESCRIPTION
                 Geodynamics Research Laboratory            DESCRIPTION
                 University of Warmia and Mazury (GRL/UWM)  DESCRIPTION
                 Oczapowski St. 1                           DESCRIPTION
                 10-957-Olsztyn, POLAND                     DESCRIPTION
                 e-mail:  kand@uwm.edu.pl                   DESCRIPTION
                                                            DESCRIPTION
  2019     1    10     0     0     0                        EPOCH OF FIRST MAP
  2019     1    11     0     0     0                        EPOCH OF LAST MAP
  7200                                                      INTERVAL
    13                                                      # OF MAPS IN FILE
  COSZ                                                      MAPPING FUNCTION
     0.0                                                    ELEVATION CUTOFF
Combined TEC calculated as weighted mean of input TEC valuesOBSERVABLES USED
   281                                                      # OF STATIONS
     0                                                      # OF SATELLITES
  6371.0                                                    BASE RADIUS
     2                                                      MAP DIMENSION
   450.0 450.0   0.0                                        HGT1 / HGT2 / DHGT
    87.5 -87.5  -2.5                                        LAT1 / LAT2 / DLAT
  -180.0 180.0   5.0                                        LON1 / LON2 / DLON
    -1                                                      EXPONENT
TEC values in  0.1 TECUs; 9999 if no value available        COMMENT
DCB values in nanoseconds, reference is Sum_of_SatDCBs = 0  COMMENT
                                                            END OF HEADER
[from data line 3432]
     9                                                      START OF TEC MAP
  2019     1    10    16     0     0                        EPOCH OF CURRENT MAP
    87.5-180.0 180.0   5.0 450.0                            LAT/LON1/LON2/DLON/H
   15   15   15   15   15   15   15   15   15   15   15   15   15   15   15   15
   15   15   15   16   16   15   15   15   15   15   15   15   15   15   15   15
   15   15   15   15   15   15   15   15   15   15   15   15   15   15   16   16
   16   16   16   16   16   16   16   16   16   16   16   16   16   16   16   16
   16   16   16   16   15   15   15   15   15
    85.0-180.0 180.0   5.0 450.0                            LAT/LON1/LON2/DLON/H
   16   16   16   15   15   15   15   15   16   16   16   16   16   16   16   17
   17   17   17   17   17   17   17   17   17   17   16   16   16   15   15   15
   15   15   14   14   14   14   14   15   15   15   16   16   16   16   17   17
   17   18   18   18   18   18   18   18   18   18   18   18   18   17   17   17
   17   17   16   16   16   16   16   15   16
    82.5-180.0 180.0   5.0 450.0                            LAT/LON1/LON2/DLON/H
   16   16   16   16   16   16   16   16   16   17   17   17   18   18   18   19
   19   19   20   20   20   20   20   20   19   19   18   18   17   17   16   15
   15   14   14   14   14   14   14   14   15   15   15   16   17   17   17   18
   19   19   19   19   20   20   20   20   20   19   19   19   19   18   18   18
   17   17   17   16   16   16   16   16   16
    80.0-180.0 180.0   5.0 450.0                            LAT/LON1/LON2/DLON/H
   17   17   17   17   17   17   17   17   17   17   18   18   19   19   20   20
   21   22   22   23   24   24   24   24   23   23   22   21   20   19   18   17
   16   15   14   14   13   14   14   14   15   15   16   16   17   18   18   19
   19   20   20   20   21   21   21   21   21   21   20   20   19   19   18   18
   18   17   17   17   16   17   16   17   17
    77.5-180.0 180.0   5.0 450.0                            LAT/LON1/LON2/DLON/H
   17   17   18   18   18   18   18   18   18   18   18   18   19   20   20   22
   23   24   25   27   28   29   29   29   28   28   27   25   23   22   20   18
   17   15   15   14   13   13   13   14   14   15   15   16   16   17   18   18
   18   19   19   20   20   21   21   21   20   20   20   19   19   18   18   17
   17   17   17   16   17   16   17   17   17
    75.0-180.0 180.0   5.0 450.0                            LAT/LON1/LON2/DLON/H
   18   18   18   18   19   18   18   18   18   18   18   18   18   20   21   22
   24   26   28   30   32   33   34   34   34   33   32   30   28   25   23   21
   19   17   15   14   14   13   13   14   13   14   14   14   15   15   15   16
   16   17   18   18   18   19   19   19   19   18   18   18   17   17   16   16
   16   15   15   16   16   16   17   17   18
    72.5-180.0 180.0   5.0 450.0                            LAT/LON1/LON2/DLON/H
   17   18   18   19   19   19   19   18   18   17   17   17   17   18   20   22
   24   27   30   33   36   37   39   40   40   39   38   35   33   30   27   24
   21   19   17   16   14   14   14   13   13   13   12   12   12   12   12   12
   13   14   15   15   16   16   17   17   17   17   16   16   16   15   15   14
   14   14   14   15   15   15   16   17   17
    70.0-180.0 180.0   5.0 450.0                            LAT/LON1/LON2/DLON/H
   16   17   18   19   19   19   19   18   17   16   16   15   16   17   19   21
   25   28   32   36   39   42   44   45   45   44   43   41   38   35   32   28
   25   22   19   17   16   15   14   13   12   11   11   10    9    9    9    9
   10   11   12   13   14   15   16   16   16   16   16   15   15   15   14   14
   14   14   14   14   14   15   15   16   16
    67.5-180.0 180.0   5.0 450.0                            LAT/LON1/LON2/DLON/H
   16   17   18   18   19   18   18   17   16   15   15   15   15   16   19   22
   26   30   34   39   43   46   48   49   49   49   47   45   43   40   36   33
   29   26   23   20   18   17   16   14   13   11    9    8    7    7    7    8
    9    9   11   12   14   15   16   16   16   16   16   16   15   15   15   15
   15   15   15   15   14   15   15   15   16
    65.0-180.0 180.0   5.0 450.0                            LAT/LON1/LON2/DLON/H
   16   17   18   18   19   18   17   16   15   14   14   14   15   17   20   23
   28   32   37   42   46   49   51   52   53   52   51   49   46   44   41   37
   34   30   27   24   21   20   18   16   14   12   10    8    7    7    7    7
    9   11   12   14   15   17   18   18   18   18   19   18   18   18   18   18
   18   17   17   17   16   16   15   16   16
    62.5-180.0 180.0   5.0 450.0                            LAT/LON1/LON2/DLON/H
   17   18   18   19   19   18   17   15   14   14   14   14   16   19   22   26
   31   36   40   45   49   51   53   54   54   54   53   51   49   47   45   42
   38   35   32   29   26   23   21   19   17   15   12   10    9    9   10   11
   13   15   17   19   20   21   22   22   23   22   22   22   22   22   23   23
   22   22   21   20   19   18   18   17   17
    60.0-180.0 180.0   5.0 450.0                            LAT/LON1/LON2/DLON/H
   20   21   21   21   20   19   18   16   15   14   15   16   18   22   25   30
   35   40   44   48   51   54   55   55   55   55   55   54   53   51   49   46
   43   39   37   33   30   28   26   24   22   20   17   16   16   16   18   19
   21   23   24   26   27   28   28   29   28   27   27   27   28   28   28   28
   28   27   26   24   23   22   21   21   20
    57.5-180.0 180.0   5.0 450.0                            LAT/LON1/LON2/DLON/H
   25   25   25   25   24   23   20   18   17   16   17   19   22   26   31   35
   40   45   49   52   54   55   56   56   57   57   57   56   56   55   53   50
   47   44   41   38   36   34   32   30   28   27   25   25   25   26   28   29
   31   32   34   35   35   35   35   35   35   34   33   33   34   34   34   34
   34   33   32   31   29   28   26   26   25
    55.0-180.0 180.0   5.0 450.0                            LAT/LON1/LON2/DLON/H
   31   31   31   31   30   28   25   22   20   20   20   23   26   31   36   42
   47   51   54   55   56   57   57   58   59   60   60   60   60   59   58   55
   52   48   46   43   41   40   38   37   36   35   35   36   37   38   40   41
   42   43   44   44   43   43   43   43   42   41   40   39   39   40   40   40
   40   39   38   36   35   34   32   31   31
    52.5-180.0 180.0   5.0 450.0                            LAT/LON1/LON2/DLON/H
   37   37   38   38   37   35   31   28   25   24   25   28   32   37   42   48
   53   57   59   59   59   59   59   61   62   63   65   65   65   64   62   59
   56   52   50   48   47   46   46   45   45   45   46   47   49   50   51   53
   53   53   52   51   51   50   50   50   49   48   46   45   45   45   45   46
   45   44   43   42   41   39   38   37   37
    50.0-180.0 180.0   5.0 450.0                            LAT/LON1/LON2/DLON/H
   42   43   44   45   44   42   39   35   32   31   32   34   38   43   49   55
   60   63   64   63   62   62   63   65   67   69   71   71   71   70   67   63
   60   56   55   54   53   53   54   54   55   56   57   59   60   62   62   62
   62   61   59   58   57   57   57   57   56   55   53   51   50   50   50   50
   49   49   47   46   45   44   43   43   42
    47.5-180.0 180.0   5.0 450.0                            LAT/LON1/LON2/DLON/H
   46   47   48   50   51   49   46   42   40   38   39   41   44   50   55   61
   66   69   70   69   67   67   68   70   73   76   78   78   76   74   71   67
   63   60   59   59   59   60   62   63   65   66   68   69   71   70   70   70
   68   67   65   63   62   62   62   63   62   61   58   56   55   54   53   53
   52   51   50   49   48   47   47   46   46
    45.0-180.0 180.0   5.0 450.0                            LAT/LON1/LON2/DLON/H
   48   49   51   54   54   54   51   48   47   46   46   48   52   56   62   68
   72   75   76   75   73   73   75   78   81   84   84   83   81   77   73   69
   66   64   64   64   66   67   69   71   73   75   77   78   79   79   77   75
   73   71   69   67   66   65   66   67   67   66   63   60   59   57   55   55
   54   53   52   51   50   49   48   48   48
    42.5-180.0 180.0   5.0 450.0                            LAT/LON1/LON2/DLON/H
   48   49   52   54   55   55   54   53   52   53   54   56   59   63   69   75
   79   82   83   82   82   83   84   87   89   91   90   88   84   79   74   71
   69   68   69   70   72   74   76   78   81   82   84   85   85   83   81   79
   76   74   72   70   68   68   69   70   70   69   67   64   62   59   57   56
   54   53   52   51   50   49   48   48   48
    40.0-180.0 180.0   5.0 450.0                            LAT/LON1/LON2/DLON/H
   47   48   50   53   54   54   54   54   56   59   62   64   67   71   76   81
   86   89   90   91   92   94   95   96   98   98   96   92   86   81   77   74
   73   73   75   77   78   80   82   84   86   88   89   90   89   87   84   81
   79   77   74   71   69   69   70   71   72   71   69   66   63   61   58   56
   54   52   50   49   49   48   47   47   47
    37.5-180.0 180.0   5.0 450.0                            LAT/LON1/LON2/DLON/H
   45   46   48   50   51   51   52   55   59   64   68   71   74   78   83   88
   92   96   98  100  102  104  105  106  104  103  100   95   90   85   82   80
   80   82   83   85   86   86   87   89   91   92   94   93   91   89   85   82
   81   79   76   73   70   69   70   71   72   71   70   67   64   62   59   56
   53   50   48   47   47   47   46   45   45
    35.0-180.0 180.0   5.0 450.0                            LAT/LON1/LON2/DLON/H
   44   44   46   47   48   48   49   52   59   67   73   77   80   84   88   93
   98  101  105  108  112  114  114  112  110  107  103   98   94   91   90   90
   91   93   93   94   93   93   92   92   93   95   96   95   92   88   85   82
   81   79   76   73   70   69   69   70   71   70   68   66   63   61   58   55
   52   49   47   46   45   45   44   44   44
    32.5-180.0 180.0   5.0 450.0                            LAT/LON1/LON2/DLON/H
   43   44   45   45   45   44   45   49   59   68   76   82   85   89   93   97
  101  105  109  114  118  121  120  117  113  108  105  102  101  101  102  104
  106  106  106  105  103  100   98   97   97   98   98   96   92   88   84   82
   81   79   77   73   70   68   68   68   69   68   66   64   61   59   57   54
   51   49   47   46   45   44   43   43   43
    30.0-180.0 180.0   5.0 450.0                            LAT/LON1/LON2/DLON/H
   42   43   44   44   44   42   43   48   58   69   79   85   89   92   96  100
  103  107  111  117  122  123  122  118  113  109  107  107  110  114  118  121
  123  123  121  118  114  109  104  102  100  100   99   96   92   86   83   81
   80   78   76   72   69   67   67   67   66   65   63   61   58   56   55   53
   51   49   47   46   45   44   44   42   42
    27.5-180.0 180.0   5.0 450.0                            LAT/LON1/LON2/DLON/H
   43   43   44   44   43   42   42   48   57   69   80   87   91   94   97  101
  103  107  111  116  121  123  121  117  112  109  110  114  121  129  136  141
  142  141  138  133  127  119  112  107  104  103  102   97   91   86   82   80
   79   77   74   71   67   65   65   65   64   62   59   57   55   53   52   52
   51   50   49   48   46   46   44   44   43
    25.0-180.0 180.0   5.0 450.0                            LAT/LON1/LON2/DLON/H
   44   44   44   44   44   43   43   48   58   70   80   88   92   95   98  100
  102  105  109  114  118  119  118  114  111  111  114  123  134  146  155  160
  161  159  155  149  140  130  121  114  109  107  104   99   92   86   82   80
   78   76   73   69   66   64   64   64   62   59   56   54   52   50   50   50
   51   51   50   49   48   46   46   44   44
    22.5-180.0 180.0   5.0 450.0                            LAT/LON1/LON2/DLON/H
   44   44   44   45   45   45   45   50   59   71   82   89   93   96   99  101
  103  104  107  110  113  115  114  112  112  115  122  134  149  163  174  179
  180  176  171  164  153  141  130  121  116  112  107  101   93   87   83   80
   77   75   72   68   65   63   63   63   61   57   53   51   49   47   47   48
   50   51   51   50   49   48   47   46   44
    20.0-180.0 180.0   5.0 450.0                            LAT/LON1/LON2/DLON/H
   44   43   43   45   46   46   47   52   61   74   85   92   96   99  101  103
  104  105  106  108  110  112  113  113  115  122  133  148  165  180  191  196
  195  191  184  176  164  151  139  129  122  117  111  104   96   90   85   81
   78   75   72   68   65   63   63   62   59   55   52   49   47   45   44   46
   48   50   51   50   49   48   47   45   44
    17.5-180.0 180.0   5.0 450.0                            LAT/LON1/LON2/DLON/H
   42   41   41   44   46   47   49   54   64   77   88   95   99  102  104  107
  108  108  108  108  109  112  114  117  123  134  148  165  181  196  205  208
  206  201  193  185  173  160  147  137  129  122  116  108  101   94   89   84
   81   77   73   69   66   63   63   61   59   55   51   48   47   44   43   44
   46   48   49   49   48   47   46   44   42
    15.0-180.0 180.0   5.0 450.0                            LAT/LON1/LON2/DLON/H
   39   38   39   41   44   46   49   56   68   81   93  100  104  107  110  113
  115  115  113  112  113  115  119  125  135  149  165  181  196  207  215  215
  212  205  198  190  180  167  155  144  136  128  121  113  106   99   94   89
   85   80   75   71   67   65   64   62   59   55   52   49   47   45   43   42
   43   45   46   47   46   45   43   41   39
    12.5-180.0 180.0   5.0 450.0                            LAT/LON1/LON2/DLON/H
   36   34   35   38   42   45   49   58   71   85   97  105  110  113  117  121
  124  124  122  121  121  124  130  138  150  165  182  197  208  215  218  216
  212  205  200  194  185  174  162  151  143  134  126  118  111  105  100   95
   90   84   78   73   69   67   65   63   60   57   53   51   49   46   43   42
   42   42   44   43   43   42   40   38   36
    10.0-180.0 180.0   5.0 450.0                            LAT/LON1/LON2/DLON/H
   32   31   31   34   38   42   48   58   72   87  100  109  115  119  125  130
  134  136  134  133  134  138  145  154  168  183  198  209  216  219  218  214
  209  205  202  198  191  181  169  160  150  140  131  123  117  112  107  101
   94   87   80   75   71   69   68   65   63   59   56   54   52   49   46   43
   42   41   41   41   40   39   37   35   32
     7.5-180.0 180.0   5.0 450.0                            LAT/LON1/LON2/DLON/H
   29   28   28   30   34   38   45   57   72   88  102  111  119  125  132  139
  145  148  148  149  151  155  163  173  186  200  212  219  222  221  217  212
  209  208  206  204  198  189  178  166  156  145  136  128  122  117  111  105
   97   90   82   77   74   71   71   69   66   63   59   57   55   53   49   46
   43   42   41   40   38   36   34   32   29
     5.0-180.0 180.0   5.0 450.0                            LAT/LON1/LON2/DLON/H
   28   26   26   26   29   35   43   55   71   87  101  112  122  130  139  147
  155  159  162  165  168  173  181  192  204  215  223  227  226  223  218  215
  214  216  217  215  209  199  186  173  161  150  140  132  126  120  114  106
   98   91   83   78   75   74   74   73   70   66   63   61   59   56   53   49
   46   43   41   40   38   35   32   30   28
     2.5-180.0 180.0   5.0 450.0                            LAT/LON1/LON2/DLON/H
   28   27   25   24   26   31   41   55   70   86   99  111  123  133  144  154
  163  169  174  178  183  189  197  207  218  227  231  233  230  226  224  224
  227  232  234  231  222  209  193  178  165  153  143  136  130  123  114  106
   98   90   84   79   77   77   78   77   74   69   66   64   62   60   56   53
   49   46   43   41   38   35   33   30   28
