vscode/rtklib-v2/rtklib-v2/new data/igrg0100.19i
     1.0            IONOSPHERE MAPS     MIX                 IONEX VERSION / TYPE
tecrms2ionex_2.awk  GRL/UWM            01/11/19 2001UT      PGM / RUN BY / DATE
Global ionosphere maps for day  10, 2019 (10- 1-2019)       DESCRIPTION
IONEX file containing the COMBINED IGS Ionosphere maps      DESCRIPTION
from the combination of the following IAACs:                DESCRIPTION
esrg                                                        DESCRIPTION
jprg                                                        DESCRIPTION
Contact address: Andrzej Krankowski                         DESCRIPTION
                 Geodynamics Research Laboratory            DESCRIPTION
                 University of Warmia and Mazury (GRL/UWM)  DESCRIPTION
                 Oczapowski St. 1                           DESCRIPTION
                 10-957-Olsztyn, POLAND                     DESCRIPTION
                 e-mail:  kand@uwm.edu.pl                   DESCRIPTION
                                                            DESCRIPTION
  2019     1    10     0     0     0                        EPOCH OF FIRST MAP
  2019     1    11     0     0     0                        EPOCH OF LAST MAP
  7200                                                      INTERVAL
    13                                                      # OF MAPS IN FILE
  COSZ                                                      MAPPING FUNCTION
     0.0                                                    ELEVATION CUTOFF
Combined TEC calculated as weighted mean of input TEC valuesOBSERVABLES USED
   281                                                      # OF STATIONS
     0                                                      # OF SATELLITES
  6371.0                                                    BASE RADIUS
     2                                                      MAP DIMENSION
   450.0 450.0   0.0                                        HGT1 / HGT2 / DHGT
    87.5 -87.5  -2.5                                        LAT1 / LAT2 / DLAT
  -180.0 180.0   5.0                                        LON1 / LON2 / DLON
    -1                                                      EXPONENT
TEC values in  0.1 TECUs; 9999 if no value available        COMMENT
DCB values in nanoseconds, reference is Sum_of_SatDCBs = 0  COMMENT
                                                            END OF HEADER
     1                                                      START OF TEC MAP
  2019     1    10     0     0     0                        EPOCH OF CURRENT MAP
    87.5-180.0 180.0   5.0 450.0                            LAT/LON1/LON2/DLON/H
   15   16   16   16   16   16   16   15   15   15   16   16   16   15   15   15
   15   14   14   14   14   13   13   13   13   13   12   12   12   12   12   12
   12   12   12   12   12   12   12   12   12   13   13   13   13   13   13   13
   13   13   13   13   13   14   14   14   14   14   14   14   14   14   14   14
   14   15   15   15   15   15   15   15   15
    85.0-180.0 180.0   5.0 450.0                            LAT/LON1/LON2/DLON/H
   16   17   17   17   17   18   18   18   18   18   18   18   17   17   17   16
   16   15   15   14   14   13   13   12   12   11   11   11   11   10   10   10
   10   10   10   10   10   10   11   11   11   11   12   12   12   13   13   13
   13   13   13   13   13   13   14   14   14   14   13   14   14   14   14   14
   14   15   15   15   15   15   16   16   16
    82.5-180.0 180.0   5.0 450.0                            LAT/LON1/LON2/DLON/H
   16   17   17   18   19   19   19   20   20   20   21   20   20   20   19   19
   18   17   16   15   14   13   12   12   11   10    9    9    9    8    8    8
    8    8    9    9    9    9   10   10   11   11   11   12   12   13   13   13
   13   13   13   13   13   14   13   13   13   13   13   13   13   13   13   13
   13   14   14   14   15   15   15   16   16
    80.0-180.0 180.0   5.0 450.0                            LAT/LON1/LON2/DLON/H
   16   17   18   19   20   21   21   22   22   23   23   23   23   22   22   21
   19   19   18   16   15   14   13   11   10    9    9    9    9    9    8    8
    9    9    9    9    9    9    9   10   10   11   11   12   12   13   13   13
   13   13   13   13   13   13   13   12   12   12   12   12   12   12   12   12
   12   13   13   13   14   15   15   16   16
    77.5-180.0 180.0   5.0 450.0                            LAT/LON1/LON2/DLON/H
   17   18   19   20   21   22   23   24   25   26   26   26   25   24   24   22
   21   20   19   17   16   14   13   12   11   10   10    9    9    9    9    9
    9    9    9    9    9    9    9    9   10   10   11   12   12   12   12   13
   13   13   13   13   13   12   12   12   12   12   12   11   11   11   12   12
   12   13   13   14   14   15   15   16   17
    75.0-180.0 180.0   5.0 450.0                            LAT/LON1/LON2/DLON/H
   19   20   21   22   23   24   25   26   27   28   28   27   27   26   25   23
   22   20   19   18   17   16   14   14   12   12   11   11   11   10   10   10
   10    9    9    8    8    8    9    9    9   10   10   11   12   12   12   12
   12   13   13   12   12   12   12   12   12   11   11   11   11   11   11   11
   12   13   13   14   15   16   17   18   19
    72.5-180.0 180.0   5.0 450.0                            LAT/LON1/LON2/DLON/H
   23   24   25   26   26   27   28   29   30   30   30   29   28   26   25   23
   21   20   18   18   17   17   16   15   15   14   13   12   12   11   11   11
   10    9    9    8    8    8    8    8    9    9   10   11   11   12   12   12
   12   12   12   12   12   12   12   12   11   11   10   10   10   10   10   11
   13   14   15   17   18   20   21   22   23
    70.0-180.0 180.0   5.0 450.0                            LAT/LON1/LON2/DLON/H
   29   30   30   30   31   31   32   32   32   32   31   30   28   26   24   21
   20   18   17   17   17   17   17   17   16   16   14   14   12   12   11   11
   10    9    9    8    7    7    7    8    8    9   10   11   11   12   12   12
   12   12   13   12   12   12   12   11   11   10   11   10   11   11   12   14
   16   18   20   21   23   25   27   28   29
    67.5-180.0 180.0   5.0 450.0                            LAT/LON1/LON2/DLON/H
   35   36   36   35   35   35   35   36   35   35   33   31   28   25   22   19
   18   17   16   15   16   16   17   17   17   16   16   14   13   12   11   10
   10    9    9    9    8    8    7    7    8    9   10   11   11   12   12   12
   13   13   13   13   13   13   13   13   13   13   12   13   13   15   16   18
   20   22   24   27   29   31   33   35   35
    65.0-180.0 180.0   5.0 450.0                            LAT/LON1/LON2/DLON/H
   42   42   42   41   41   40   40   39   38   37   35   32   29   24   21   18
   17   16   16   15   14   15   16   16   17   16   15   13   12   11   11   10
   10    9   10   10    9    9    8    8    8    9   10   11   12   13   14   15
   15   15   15   15   15   15   15   15   15   16   16   17   18   19   21   24
   26   28   30   33   35   37   40   42   42
    62.5-180.0 180.0   5.0 450.0                            LAT/LON1/LON2/DLON/H
   48   48   48   47   45   44   43   42   41   39   37   34   30   25   20   18
   17   16   15   14   14   13   14   15   15   14   14   12   11   11   10   10
   10   11   11   12   12   11   11   10   10   11   12   14   15   17   18   18
   18   18   18   18   18   18   18   18   19   20   21   22   24   26   28   31
   33   35   37   39   41   43   45   47   48
    60.0-180.0 180.0   5.0 450.0                            LAT/LON1/LON2/DLON/H
   52   53   52   51   49   48   46   45   43   41   39   36   32   27   22   18
   17   15   14   13   13   12   12   13   13   12   12   11   11   11   10   11
   12   13   15   15   15   15   15   14   15   16   17   19   21   22   23   22
   22   21   21   21   21   21   22   22   23   24   26   28   30   33   36   39
   41   42   43   45   46   48   50   52   52
    57.5-180.0 180.0   5.0 450.0                            LAT/LON1/LON2/DLON/H
   55   56   55   55   53   51   49   47   45   43   41   39   35   31   26   21
   18   16   14   13   13   12   12   12   12   12   12   12   12   12   13   14
   15   17   18   20   20   20   20   20   21   22   24   26   28   29   29   28
   27   25   25   25   25   25   26   27   28   29   31   34   37   41   44   46
   49   50   50   50   51   52   54   55   55
    55.0-180.0 180.0   5.0 450.0                            LAT/LON1/LON2/DLON/H
   58   59   59   58   57   55   52   49   47   45   43   41   39   36   31   26
   21   17   16   15   14   13   13   12   12   13   13   14   15   16   17   19
   21   23   24   25   26   26   26   27   28   29   31   33   34   35   34   33
   31   30   29   29   30   30   31   32   33   35   37   40   44   47   51   54
   56   57   57   57   57   57   57   58   58
    52.5-180.0 180.0   5.0 450.0                            LAT/LON1/LON2/DLON/H
   62   62   63   62   61   59   56   52   49   46   45   45   44   41   37   32
   27   23   20   19   19   18   16   14   14   15   17   19   21   22   24   26
   28   30   31   32   33   33   34   34   35   36   38   40   41   41   40   38
   36   35   34   34   35   36   37   37   39   40   42   46   49   54   58   61
   63   64   64   64   64   63   62   62   62
    50.0-180.0 180.0   5.0 450.0                            LAT/LON1/LON2/DLON/H
   68   68   68   68   66   64   61   56   52   49   48   48   48   47   43   38
   33   29   27   26   26   24   21   19   18   20   24   27   30   32   34   35
   37   38   39   40   40   40   41   41   42   43   45   46   46   45   44   42
   41   39   39   40   41   42   42   42   44   45   47   51   56   60   64   67
   69   70   72   71   71   70   69   68   68
    47.5-180.0 180.0   5.0 450.0                            LAT/LON1/LON2/DLON/H
   75   75   74   74   73   71   67   62   57   54   52   53   53   52   49   44
   40   36   34   34   33   32   29   26   26   28   32   37   40   43   44   46
   47   47   48   48   47   47   48   48   49   49   50   50   50   49   48   46
   45   44   44   46   46   47   47   47   48   49   52   56   61   65   69   73
   75   77   78   78   79   78   77   76   75
    45.0-180.0 180.0   5.0 450.0                            LAT/LON1/LON2/DLON/H
   84   83   82   81   80   78   74   69   63   59   58   58   58   56   54   49
   45   42   41   41   42   41   38   36   36   38   43   48   51   54   56   57
   57   56   56   55   55   54   54   54   54   54   54   53   53   52   51   50
   49   49   49   50   51   52   52   52   52   53   57   61   66   70   74   77
   79   81   83   85   86   86   85   85   84
    42.5-180.0 180.0   5.0 450.0                            LAT/LON1/LON2/DLON/H
   91   91   89   88   86   84   81   77   71   67   64   64   63   61   58   54
   50   48   48   49   50   49   47   46   46   49   54   58   62   65   67   67
   66   64   63   61   60   59   60   59   59   59   58   57   55   54   53   53
   52   52   53   53   54   54   54   54   54   57   61   66   72   76   79   81
   82   84   86   89   91   93   93   92   91
    40.0-180.0 180.0   5.0 450.0                            LAT/LON1/LON2/DLON/H
   98   96   94   92   90   89   87   84   79   74   72   71   69   67   63   59
   56   54   55   56   58   58   57   56   56   59   63   67   71   74   75   74
   73   70   68   66   64   64   64   64   63   62   61   59   57   56   55   55
   55   55   55   55   55   55   54   54   56   59   65   71   77   81   83   84
   85   86   88   91   94   96   97   98   98
    37.5-180.0 180.0   5.0 450.0                            LAT/LON1/LON2/DLON/H
  101   99   97   94   92   91   91   89   86   82   79   77   75   72   69   65
   62   61   62   64   65   66   65   64   65   67   71   74   77   79   79   78
   76   74   71   68   67   66   67   66   66   65   63   61   59   57   57   56
   56   56   55   55   54   54   53   54   56   62   68   76   82   86   87   88
   88   88   90   93   95   98  100  101  101
    35.0-180.0 180.0   5.0 450.0                            LAT/LON1/LON2/DLON/H
  102  100   97   93   90   90   92   92   90   88   85   83   80   78   75   73
   70   69   69   71   72   72   72   72   72   73   75   77   79   80   80   79
   77   74   71   68   67   67   67   67   67   66   64   62   60   57   57   56
   55   55   54   52   51   51   51   52   56   62   71   80   86   90   92   92
   91   92   93   95   97  100  102  103  102
    32.5-180.0 180.0   5.0 450.0                            LAT/LON1/LON2/DLON/H
  104  101   96   91   87   87   89   92   93   92   90   88   86   83   82   80
   79   77   77   77   77   77   77   77   77   77   77   78   78   78   78   77
   75   72   69   67   66   66   66   66   65   65   64   62   59   57   55   54
   53   52   50   49   48   48   48   50   54   63   73   83   90   94   96   97
   98   98  100  101  103  104  106  106  104
    30.0-180.0 180.0   5.0 450.0                            LAT/LON1/LON2/DLON/H
  109  105   99   92   86   85   86   90   92   93   92   90   89   88   88   88
   87   86   83   82   81   80   80   80   80   79   77   76   75   75   74   73
   71   69   66   64   63   63   63   62   61   62   62   60   57   54   52   51
   49   48   46   45   44   44   45   47   53   62   73   84   92   98  101  104
  106  109  111  113  113  114  113  112  109
    27.5-180.0 180.0   5.0 450.0                            LAT/LON1/LON2/DLON/H
  120  115  108  100   92   87   86   88   91   92   93   92   92   92   93   94
   94   93   89   86   84   82   82   82   81   79   76   74   72   71   70   69
   68   65   63   61   60   59   58   57   56   57   57   56   53   50   48   46
   44   43   42   41   41   42   44   46   51   61   74   85   94  101  106  111
  117  123  127  130  130  129  127  124  120
    25.0-180.0 180.0   5.0 450.0                            LAT/LON1/LON2/DLON/H
  138  134  127  118  107   97   92   91   92   94   94   94   94   94   96   99
   99   97   93   89   85   83   82   82   81   78   75   72   69   68   68   66
   65   62   60   58   57   55   53   51   50   51   52   51   49   45   43   42
   40   39   38   38   39   41   42   45   50   60   74   86   95  104  111  120
  129  138  145  149  150  149  146  142  138
    22.5-180.0 180.0   5.0 450.0                            LAT/LON1/LON2/DLON/H
  161  160  157  148  134  118  107  101  100   99   99   98   97   97   98  100
  101   99   94   90   85   83   82   82   81   78   74   71   69   68   67   66
   63   61   57   55   53   52   48   45   44   45   46   46   43   40   39   38
   37   36   36   37   38   40   42   45   51   61   74   87   97  107  117  129
  141  153  162  168  171  170  168  164  161
    20.0-180.0 180.0   5.0 450.0                            LAT/LON1/LON2/DLON/H
  185  188  192  187  171  150  132  121  114  110  107  104  102  100  100  101
  100   97   93   89   86   83   82   82   81   78   75   72   70   68   68   66
   64   60   56   54   52   49   45   42   40   41   42   42   39   37   36   35
   35   35   35   37   39   41   42   45   52   63   76   88  100  111  124  137
  151  164  175  182  187  188  187  185  185
    17.5-180.0 180.0   5.0 450.0                            LAT/LON1/LON2/DLON/H
  204  214  224  225  211  188  166  149  137  128  121  116  111  107  103  101
   98   94   91   88   86   84   83   83   82   79   76   74   72   71   70   68
   65   60   56   53   51   49   44   40   38   39   40   39   37   35   34   34
   35   35   36   37   39   41   43   47   54   65   78   90  103  115  130  146
  159  172  183  190  196  198  200  201  204
    15.0-180.0 180.0   5.0 450.0                            LAT/LON1/LON2/DLON/H
  215  230  247  255  245  223  199  180  163  150  140  132  124  116  109  103
   96   91   88   87   86   85   84   84   83   81   78   76   75   74   72   70
   66   60   56   53   52   49   46   42   40   40   41   39   36   34   34   35
   36   37   37   38   39   40   43   48   57   68   80   93  106  121  136  152
  166  177  185  192  197  201  204  207  215
    12.5-180.0 180.0   5.0 450.0                            LAT/LON1/LON2/DLON/H
  215  233  255  269  265  248  227  207  188  172  160  150  140  129  118  107
   97   90   86   86   86   86   87   86   85   83   82   80   78   76   74   71
   67   61   57   54   53   52   48   45   43   44   43   41   38   35   35   37
   38   38   39   39   39   40   43   49   60   72   84   97  110  126  143  159
  171  179  184  188  192  197  200  206  215
    10.0-180.0 180.0   5.0 450.0                            LAT/LON1/LON2/DLON/H
  207  225  248  264  267  257  242  226  208  192  179  169  157  144  129  115
  102   92   87   87   88   89   89   89   88   87   86   84   82   79   76   72
   67   61   57   55   55   54   52   50   48   48   47   44   39   37   37   39
   39   40   39   38   37   38   43   51   63   75   88  100  114  130  148  164
  174  180  183  184  186  190  194  199  207
     7.5-180.0 180.0   5.0 450.0                            LAT/LON1/LON2/DLON/H
  198  211  230  246  252  250  242  232  218  204  193  183  173  159  143  126
  110   97   91   90   90   91   91   92   91   90   90   88   85   81   77   73
   67   61   57   55   56   56   55   54   53   52   50   47   41   38   38   40
   40   40   38   36   35   36   42   53   67   80   92  104  117  133  151  167
  177  182  182  181  182  184  187  191  198
     5.0-180.0 180.0   5.0 450.0                            LAT/LON1/LON2/DLON/H
  191  198  211  224  233  234  233  228  218  208  200  193  185  173  157  139
  122  107   98   95   94   94   94   94   93   92   93   91   87   82   77   73
   67   61   56   54   56   57   57   57   56   55   52   48   43   38   38   40
   41   39   37   34   33   36   43   56   71   84   95  107  120  135  152  168
  179  184  184  182  181  183  186  188  191
     2.5-180.0 180.0   5.0 450.0                            LAT/LON1/LON2/DLON/H
  194  196  200  208  215  219  221  219  214  206  201  197  193  184  170  153
  136  119  108  101   99   97   96   95   94   94   94   92   88   82   77   72
   66   59   54   53   54   57   58   58   57   56   53   48   41   38   38   40
   41   39   36   33   32   36   45   59   75   88   98  108  121  135  152  168
  179  185  187  186  186  188  192  194  194
